0.4 -9.52212
0.40092 -9.55046
0.40184 -9.57848
0.402761 -9.6062
0.403681 -9.63359
0.404601 -9.66067
0.405521 -9.68743
0.406441 -9.71386
0.407361 -9.73996
0.408282 -9.76574
0.409202 -9.79117
0.410122 -9.81627
0.411042 -9.84103
0.411962 -9.86544
0.412883 -9.88951
0.413803 -9.91323
0.414723 -9.9366
0.415643 -9.95962
0.416563 -9.98227
0.417483 -10.0046
0.418404 -10.0265
0.419324 -10.0481
0.420244 -10.0693
0.421164 -10.0901
0.422084 -10.1106
0.423005 -10.1307
0.423925 -10.1505
0.424845 -10.1698
0.425765 -10.1888
0.426685 -10.2074
0.427606 -10.2257
0.428526 -10.2435
0.429446 -10.261
0.430366 -10.2781
0.431286 -10.2948
0.432206 -10.3111
0.433127 -10.3271
0.434047 -10.3427
0.434967 -10.3579
0.435887 -10.3727
0.436807 -10.3871
0.437728 -10.4011
0.438648 -10.4148
0.439568 -10.428
0.440488 -10.4409
0.441408 -10.4534
0.442328 -10.4656
0.443249 -10.4773
0.444169 -10.4887
0.445089 -10.4997
0.446009 -10.5103
0.446929 -10.5205
0.44785 -10.5304
0.44877 -10.5399
0.44969 -10.549
0.45061 -10.5577
0.45153 -10.5661
0.45245 -10.5741
0.453371 -10.5817
0.454291 -10.589
0.455211 -10.5959
0.456131 -10.6024
0.457051 -10.6086
0.457972 -10.6144
0.458892 -10.6199
0.459812 -10.625
0.460732 -10.6298
0.461652 -10.6342
0.462573 -10.6383
0.463493 -10.642
0.464413 -10.6454
0.465333 -10.6485
0.466253 -10.6512
0.467173 -10.6536
0.468094 -10.6557
0.469014 -10.6574
0.469934 -10.6589
0.470854 -10.66
0.471774 -10.6608
0.472695 -10.6612
0.473615 -10.6614
0.474535 -10.6613
0.475455 -10.6608
0.476375 -10.6601
0.477295 -10.6591
0.478216 -10.6578
0.479136 -10.6561
0.480056 -10.6542
0.480976 -10.6521
0.481896 -10.6496
0.482817 -10.6469
0.483737 -10.6439
0.484657 -10.6406
0.485577 -10.6371
0.486497 -10.6333
0.487417 -10.6293
0.488338 -10.625
0.489258 -10.6204
0.490178 -10.6156
0.491098 -10.6106
0.492018 -10.6053
0.492939 -10.5998
0.493859 -10.5941
0.494779 -10.5882
0.495699 -10.582
0.496619 -10.5756
0.49754 -10.569
0.49846 -10.5622
0.49938 -10.5551
0.5003 -10.5479
0.50122 -10.5405
0.50214 -10.5328
0.503061 -10.525
0.503981 -10.517
0.504901 -10.5088
0.505821 -10.5004
0.506741 -10.4919
0.507662 -10.4831
0.508582 -10.4742
0.509502 -10.4652
0.510422 -10.4559
0.511342 -10.4465
0.512262 -10.437
0.513183 -10.4273
0.514103 -10.4174
0.515023 -10.4074
0.515943 -10.3973
0.516863 -10.387
0.517784 -10.3765
0.518704 -10.366
0.519624 -10.3553
0.520544 -10.3445
0.521464 -10.3335
0.522384 -10.3224
0.523305 -10.3113
0.524225 -10.3
0.525145 -10.2885
0.526065 -10.277
0.526985 -10.2654
0.527906 -10.2536
0.528826 -10.2418
0.529746 -10.2298
0.530666 -10.2178
0.531586 -10.2057
0.532507 -10.1935
0.533427 -10.1812
0.534347 -10.1688
0.535267 -10.1563
0.536187 -10.1437
0.537107 -10.1311
0.538028 -10.1184
0.538948 -10.1056
0.539868 -10.0928
0.540788 -10.0799
0.541708 -10.0669
0.542629 -10.0538
0.543549 -10.0407
0.544469 -10.0275
0.545389 -10.0143
0.546309 -10.001
0.547229 -9.98772
0.54815 -9.97434
0.54907 -9.96091
0.54999 -9.94744
0.55091 -9.93392
0.55183 -9.92036
0.552751 -9.90676
0.553671 -9.89312
0.554591 -9.87944
0.555511 -9.86574
0.556431 -9.85199
0.557351 -9.83822
0.558272 -9.82442
0.559192 -9.81059
0.560112 -9.79673
0.561032 -9.78285
0.561952 -9.76895
0.562873 -9.75502
0.563793 -9.74108
0.564713 -9.72711
0.565633 -9.71314
0.566553 -9.69914
0.567473 -9.68513
0.568394 -9.67111
0.569314 -9.65708
0.570234 -9.64304
0.571154 -9.62899
0.572074 -9.61494
0.572995 -9.60088
0.573915 -9.58681
0.574835 -9.57274
0.575755 -9.55867
0.576675 -9.5446
0.577596 -9.53053
0.578516 -9.51646
0.579436 -9.5024
0.580356 -9.48833
0.581276 -9.47427
0.582196 -9.46022
0.583117 -9.44618
0.584037 -9.43214
0.584957 -9.41811
0.585877 -9.40409
0.586797 -9.39008
0.587718 -9.37608
0.588638 -9.3621
0.589558 -9.34813
0.590478 -9.33417
0.591398 -9.32023
0.592318 -9.3063
0.593239 -9.29239
0.594159 -9.2785
0.595079 -9.26463
0.595999 -9.25077
0.596919 -9.23694
0.59784 -9.22312
0.59876 -9.20933
0.59968 -9.19555
0.6006 -9.1818
0.60152 -9.16808
0.60244 -9.15437
0.603361 -9.14069
0.604281 -9.12704
0.605201 -9.11341
0.606121 -9.09981
0.607041 -9.08623
0.607962 -9.07268
0.608882 -9.05916
0.609802 -9.04567
0.610722 -9.0322
0.611642 -9.01877
0.612563 -9.00536
0.613483 -8.99198
0.614403 -8.97864
0.615323 -8.96532
0.616243 -8.95204
0.617163 -8.93879
0.618084 -8.92557
0.619004 -8.91238
0.619924 -8.89923
0.620844 -8.88611
0.621764 -8.87302
0.622685 -8.85997
0.623605 -8.84695
0.624525 -8.83396
0.625445 -8.82101
0.626365 -8.8081
0.627285 -8.79522
0.628206 -8.78238
0.629126 -8.76957
0.630046 -8.7568
0.630966 -8.74407
0.631886 -8.73138
0.632807 -8.71872
0.633727 -8.7061
0.634647 -8.69351
0.635567 -8.68097
0.636487 -8.66846
0.637407 -8.65599
0.638328 -8.64356
0.639248 -8.63117
0.640168 -8.61882
0.641088 -8.6065
0.642008 -8.59423
0.642929 -8.582
0.643849 -8.5698
0.644769 -8.55765
0.645689 -8.54553
0.646609 -8.53346
0.64753 -8.52142
0.64845 -8.50943
0.64937 -8.49747
0.65029 -8.48556
0.65121 -8.47369
0.65213 -8.46186
0.653051 -8.45007
0.653971 -8.43832
0.654891 -8.42661
0.655811 -8.41494
0.656731 -8.40331
0.657652 -8.39173
0.658572 -8.38019
0.659492 -8.36869
0.660412 -8.35723
0.661332 -8.34581
0.662252 -8.33443
0.663173 -8.3231
0.664093 -8.31181
0.665013 -8.30056
0.665933 -8.28935
0.666853 -8.27818
0.667774 -8.26706
0.668694 -8.25598
0.669614 -8.24494
0.670534 -8.23394
0.671454 -8.22298
0.672374 -8.21207
0.673295 -8.2012
0.674215 -8.19037
0.675135 -8.17958
0.676055 -8.16884
0.676975 -8.15813
0.677896 -8.14747
0.678816 -8.13686
0.679736 -8.12628
0.680656 -8.11575
0.681576 -8.10526
0.682496 -8.09481
0.683417 -8.0844
0.684337 -8.07404
0.685257 -8.06372
0.686177 -8.05344
0.687097 -8.0432
0.688018 -8.03301
0.688938 -8.02285
0.689858 -8.01274
0.690778 -8.00267
0.691698 -7.99265
0.692619 -7.98266
0.693539 -7.97272
0.694459 -7.96282
0.695379 -7.95296
0.696299 -7.94314
0.697219 -7.93337
0.69814 -7.92363
0.69906 -7.91394
0.69998 -7.90429
0.7009 -7.89468
0.70182 -7.88512
0.702741 -7.87559
0.703661 -7.86611
0.704581 -7.85667
0.705501 -7.84727
0.706421 -7.83791
0.707341 -7.82859
0.708262 -7.81931
0.709182 -7.81008
0.710102 -7.80088
0.711022 -7.79173
0.711942 -7.78262
0.712863 -7.77355
0.713783 -7.76452
0.714703 -7.75553
0.715623 -7.74658
0.716543 -7.73767
0.717463 -7.7288
0.718384 -7.71998
0.719304 -7.71119
0.720224 -7.70245
0.721144 -7.69374
0.722064 -7.68508
0.722985 -7.67645
0.723905 -7.66787
0.724825 -7.65932
0.725745 -7.65082
0.726665 -7.64236
0.727586 -7.63393
0.728506 -7.62555
0.729426 -7.6172
0.730346 -7.6089
0.731266 -7.60063
0.732186 -7.59241
0.733107 -7.58422
0.734027 -7.57608
0.734947 -7.56797
0.735867 -7.5599
0.736787 -7.55187
0.737708 -7.54388
0.738628 -7.53593
0.739548 -7.52802
0.740468 -7.52014
0.741388 -7.51231
0.742308 -7.50451
0.743229 -7.49676
0.744149 -7.48904
0.745069 -7.48136
0.745989 -7.47372
0.746909 -7.46611
0.74783 -7.45855
0.74875 -7.45102
0.74967 -7.44353
0.75059 -7.43608
0.75151 -7.42867
0.75243 -7.4213
0.753351 -7.41396
0.754271 -7.40666
0.755191 -7.3994
0.756111 -7.39217
0.757031 -7.38499
0.757952 -7.37784
0.758872 -7.37072
0.759792 -7.36365
0.760712 -7.35661
0.761632 -7.34961
0.762553 -7.34265
0.763473 -7.33572
0.764393 -7.32883
0.765313 -7.32197
0.766233 -7.31516
0.767153 -7.30838
0.768074 -7.30163
0.768994 -7.29493
0.769914 -7.28825
0.770834 -7.28162
0.771754 -7.27502
0.772675 -7.26846
0.773595 -7.26193
0.774515 -7.25544
0.775435 -7.24899
0.776355 -7.24257
0.777275 -7.23618
0.778196 -7.22984
0.779116 -7.22352
0.780036 -7.21725
0.780956 -7.21101
0.781876 -7.2048
0.782797 -7.19863
0.783717 -7.19249
0.784637 -7.18639
0.785557 -7.18033
0.786477 -7.1743
0.787397 -7.1683
0.788318 -7.16234
0.789238 -7.15641
0.790158 -7.15052
0.791078 -7.14467
0.791998 -7.13884
0.792919 -7.13305
0.793839 -7.1273
0.794759 -7.12158
0.795679 -7.11589
0.796599 -7.11024
0.79752 -7.10463
0.79844 -7.09904
0.79936 -7.09349
0.80028 -7.08798
0.8012 -7.08249
0.80212 -7.07705
0.803041 -7.07163
0.803961 -7.06625
0.804881 -7.0609
0.805801 -7.05559
0.806721 -7.05031
0.807642 -7.04506
0.808562 -7.03984
0.809482 -7.03466
0.810402 -7.02951
0.811322 -7.02439
0.812242 -7.01931
0.813163 -7.01426
0.814083 -7.00924
0.815003 -7.00426
0.815923 -6.99931
0.816843 -6.99439
0.817764 -6.9895
0.818684 -6.98464
0.819604 -6.97982
0.820524 -6.97503
0.821444 -6.97027
0.822364 -6.96554
0.823285 -6.96085
0.824205 -6.95619
0.825125 -6.95156
0.826045 -6.94696
0.826965 -6.94239
0.827886 -6.93786
0.828806 -6.93335
0.829726 -6.92888
0.830646 -6.92444
0.831566 -6.92003
0.832486 -6.91565
0.833407 -6.91131
0.834327 -6.90699
0.835247 -6.90271
0.836167 -6.89845
0.837087 -6.89423
0.838008 -6.89004
0.838928 -6.88588
0.839848 -6.88175
0.840768 -6.87765
0.841688 -6.87359
0.842609 -6.86955
0.843529 -6.86554
0.844449 -6.86157
0.845369 -6.85762
0.846289 -6.85371
0.847209 -6.84982
0.84813 -6.84597
0.84905 -6.84214
0.84997 -6.83835
0.85089 -6.83459
0.85181 -6.83085
0.852731 -6.82715
0.853651 -6.82348
0.854571 -6.81983
0.855491 -6.81622
0.856411 -6.81264
0.857331 -6.80908
0.858252 -6.80556
0.859172 -6.80206
0.860092 -6.7986
0.861012 -6.79516
0.861932 -6.79175
0.862853 -6.78838
0.863773 -6.78503
0.864693 -6.78171
0.865613 -6.77842
0.866533 -6.77516
0.867453 -6.77193
0.868374 -6.76873
0.869294 -6.76556
0.870214 -6.76241
0.871134 -6.7593
0.872054 -6.75621
0.872975 -6.75315
0.873895 -6.75013
0.874815 -6.74713
0.875735 -6.74416
0.876655 -6.74121
0.877576 -6.7383
0.878496 -6.73541
0.879416 -6.73256
0.880336 -6.72973
0.881256 -6.72693
0.882176 -6.72416
0.883097 -6.72141
0.884017 -6.7187
0.884937 -6.71601
0.885857 -6.71335
0.886777 -6.71072
0.887698 -6.70812
0.888618 -6.70554
0.889538 -6.70299
0.890458 -6.70047
0.891378 -6.69798
0.892298 -6.69552
0.893219 -6.69308
0.894139 -6.69067
0.895059 -6.68829
0.895979 -6.68594
0.896899 -6.68361
0.89782 -6.68131
0.89874 -6.67904
0.89966 -6.6768
0.90058 -6.67458
0.9015 -6.67239
0.90242 -6.67023
0.903341 -6.6681
0.904261 -6.66599
0.905181 -6.66391
0.906101 -6.66186
0.907021 -6.65983
0.907942 -6.65783
0.908862 -6.65586
0.909782 -6.65392
0.910702 -6.652
0.911622 -6.65011
0.912543 -6.64824
0.913463 -6.6464
0.914383 -6.64459
0.915303 -6.64281
0.916223 -6.64105
0.917143 -6.63932
0.918064 -6.63761
0.918984 -6.63594
0.919904 -6.63428
0.920824 -6.63266
0.921744 -6.63106
0.922665 -6.62949
0.923585 -6.62794
0.924505 -6.62642
0.925425 -6.62493
0.926345 -6.62346
0.927265 -6.62202
0.928186 -6.6206
0.929106 -6.61921
0.930026 -6.61785
0.930946 -6.61651
0.931866 -6.6152
0.932787 -6.61391
0.933707 -6.61266
0.934627 -6.61142
0.935547 -6.61021
0.936467 -6.60903
0.937387 -6.60787
0.938308 -6.60674
0.939228 -6.60564
0.940148 -6.60456
0.941068 -6.6035
0.941988 -6.60248
0.942909 -6.60147
0.943829 -6.6005
0.944749 -6.59954
0.945669 -6.59862
0.946589 -6.59771
0.94751 -6.59684
0.94843 -6.59599
0.94935 -6.59516
0.95027 -6.59436
0.95119 -6.59359
0.95211 -6.59284
0.953031 -6.59211
0.953951 -6.59141
0.954871 -6.59074
0.955791 -6.59009
0.956711 -6.58946
0.957632 -6.58886
0.958552 -6.58829
0.959472 -6.58774
0.960392 -6.58721
0.961312 -6.58671
0.962232 -6.58624
0.963153 -6.58579
0.964073 -6.58536
0.964993 -6.58496
0.965913 -6.58458
0.966833 -6.58423
0.967754 -6.5839
0.968674 -6.5836
0.969594 -6.58332
0.970514 -6.58307
0.971434 -6.58284
0.972354 -6.58263
0.973275 -6.58245
0.974195 -6.5823
0.975115 -6.58217
0.976035 -6.58206
0.976955 -6.58198
0.977876 -6.58192
0.978796 -6.58188
0.979716 -6.58187
0.980636 -6.58188
0.981556 -6.58192
0.982476 -6.58198
0.983397 -6.58207
0.984317 -6.58218
0.985237 -6.58231
0.986157 -6.58247
0.987077 -6.58265
0.987998 -6.58286
0.988918 -6.58309
0.989838 -6.58334
0.990758 -6.58362
0.991678 -6.58392
0.992599 -6.58424
0.993519 -6.58459
0.994439 -6.58497
0.995359 -6.58536
0.996279 -6.58578
0.997199 -6.58622
0.99812 -6.58669
0.99904 -6.58718
0.99996 -6.58769
1.00088 -6.58823
1.0018 -6.58879
1.00272 -6.58938
1.00364 -6.58999
1.00456 -6.59062
1.00548 -6.59127
1.0064 -6.59195
1.00732 -6.59265
1.00824 -6.59337
1.00916 -6.59412
1.01008 -6.59489
1.011 -6.59569
1.01192 -6.5965
1.01284 -6.59734
1.01376 -6.59821
1.01468 -6.59909
1.0156 -6.6
1.01652 -6.60094
1.01744 -6.60189
1.01836 -6.60287
1.01928 -6.60387
1.0202 -6.6049
1.02112 -6.60595
1.02204 -6.60702
1.02296 -6.60811
1.02388 -6.60923
1.0248 -6.61036
1.02573 -6.61153
1.02665 -6.61271
1.02757 -6.61392
1.02849 -6.61515
1.02941 -6.6164
1.03033 -6.61767
1.03125 -6.61897
1.03217 -6.62029
1.03309 -6.62163
1.03401 -6.623
1.03493 -6.62439
1.03585 -6.6258
1.03677 -6.62723
1.03769 -6.62868
1.03861 -6.63016
1.03953 -6.63166
1.04045 -6.63318
1.04137 -6.63473
1.04229 -6.63629
1.04321 -6.63788
1.04413 -6.63949
1.04505 -6.64113
1.04597 -6.64278
1.04689 -6.64446
1.04781 -6.64616
1.04873 -6.64788
1.04965 -6.64962
1.05057 -6.65139
1.05149 -6.65318
1.05241 -6.65499
1.05333 -6.65682
1.05425 -6.65867
1.05517 -6.66055
1.05609 -6.66245
1.05701 -6.66437
1.05793 -6.66631
1.05885 -6.66827
1.05977 -6.67025
1.06069 -6.67226
1.06161 -6.67429
1.06253 -6.67634
1.06345 -6.67841
1.06437 -6.6805
1.06529 -6.68262
1.06621 -6.68475
1.06713 -6.68691
1.06805 -6.68909
1.06897 -6.69129
1.06989 -6.69351
1.07081 -6.69576
1.07173 -6.69802
1.07265 -6.70031
1.07357 -6.70262
1.07449 -6.70495
1.07542 -6.7073
1.07634 -6.70967
1.07726 -6.71206
1.07818 -6.71448
1.0791 -6.71691
1.08002 -6.71937
1.08094 -6.72184
1.08186 -6.72434
1.08278 -6.72686
1.0837 -6.7294
1.08462 -6.73197
1.08554 -6.73455
1.08646 -6.73715
1.08738 -6.73978
1.0883 -6.74242
1.08922 -6.74509
1.09014 -6.74778
1.09106 -6.75048
1.09198 -6.75321
1.0929 -6.75596
1.09382 -6.75873
1.09474 -6.76152
1.09566 -6.76434
1.09658 -6.76717
1.0975 -6.77002
1.09842 -6.7729
1.09934 -6.77579
1.10026 -6.7787
1.10118 -6.78164
1.1021 -6.78459
1.10302 -6.78757
1.10394 -6.79057
1.10486 -6.79358
1.10578 -6.79662
1.1067 -6.79968
1.10762 -6.80276
1.10854 -6.80585
1.10946 -6.80897
1.11038 -6.81211
1.1113 -6.81527
1.11222 -6.81845
1.11314 -6.82165
1.11406 -6.82487
1.11498 -6.82811
1.1159 -6.83136
1.11682 -6.83464
1.11774 -6.83794
1.11866 -6.84126
1.11958 -6.8446
1.1205 -6.84796
1.12142 -6.85134
1.12234 -6.85473
1.12326 -6.85815
1.12418 -6.86159
1.12511 -6.86505
1.12603 -6.86852
1.12695 -6.87202
1.12787 -6.87554
1.12879 -6.87907
1.12971 -6.88263
1.13063 -6.8862
1.13155 -6.8898
1.13247 -6.89341
1.13339 -6.89704
1.13431 -6.9007
1.13523 -6.90437
1.13615 -6.90806
1.13707 -6.91177
1.13799 -6.9155
1.13891 -6.91925
1.13983 -6.92301
1.14075 -6.9268
1.14167 -6.93061
1.14259 -6.93443
1.14351 -6.93828
1.14443 -6.94214
1.14535 -6.94602
1.14627 -6.94992
1.14719 -6.95384
1.14811 -6.95778
1.14903 -6.96174
1.14995 -6.96571
1.15087 -6.96971
1.15179 -6.97372
1.15271 -6.97775
1.15363 -6.98181
1.15455 -6.98587
1.15547 -6.98996
1.15639 -6.99407
1.15731 -6.99819
1.15823 -7.00234
1.15915 -7.0065
1.16007 -7.01068
1.16099 -7.01488
1.16191 -7.01909
1.16283 -7.02333
1.16375 -7.02758
1.16467 -7.03185
1.16559 -7.03614
1.16651 -7.04045
1.16743 -7.04477
1.16835 -7.04912
1.16927 -7.05348
1.17019 -7.05786
1.17111 -7.06226
1.17203 -7.06667
1.17295 -7.0711
1.17387 -7.07555
1.17479 -7.08002
1.17572 -7.08451
1.17664 -7.08901
1.17756 -7.09353
1.17848 -7.09807
1.1794 -7.10263
1.18032 -7.1072
1.18124 -7.11179
1.18216 -7.1164
1.18308 -7.12103
1.184 -7.12567
1.18492 -7.13033
1.18584 -7.13501
1.18676 -7.1397
1.18768 -7.14441
1.1886 -7.14914
1.18952 -7.15389
1.19044 -7.15865
1.19136 -7.16343
1.19228 -7.16823
1.1932 -7.17304
1.19412 -7.17787
1.19504 -7.18272
1.19596 -7.18758
1.19688 -7.19246
1.1978 -7.19736
1.19872 -7.20228
1.19964 -7.20721
1.20056 -7.21215
1.20148 -7.21712
1.2024 -7.2221
1.20332 -7.22709
1.20424 -7.2321
1.20516 -7.23713
1.20608 -7.24218
1.207 -7.24724
1.20792 -7.25231
1.20884 -7.25741
1.20976 -7.26252
1.21068 -7.26764
1.2116 -7.27278
1.21252 -7.27794
1.21344 -7.28311
1.21436 -7.2883
1.21528 -7.2935
1.2162 -7.29872
1.21712 -7.30396
1.21804 -7.30921
1.21896 -7.31447
1.21988 -7.31975
1.2208 -7.32505
1.22172 -7.33036
1.22264 -7.33569
1.22356 -7.34103
1.22448 -7.34639
1.22541 -7.35176
1.22633 -7.35715
1.22725 -7.36255
1.22817 -7.36797
1.22909 -7.37341
1.23001 -7.37885
1.23093 -7.38432
1.23185 -7.38979
1.23277 -7.39528
1.23369 -7.40079
1.23461 -7.40631
1.23553 -7.41185
1.23645 -7.4174
1.23737 -7.42296
1.23829 -7.42854
1.23921 -7.43413
1.24013 -7.43974
1.24105 -7.44536
1.24197 -7.451
1.24289 -7.45665
1.24381 -7.46231
1.24473 -7.46799
1.24565 -7.47368
1.24657 -7.47939
1.24749 -7.4851
1.24841 -7.49084
1.24933 -7.49658
1.25025 -7.50234
1.25117 -7.50812
1.25209 -7.5139
1.25301 -7.5197
1.25393 -7.52552
1.25485 -7.53134
1.25577 -7.53718
1.25669 -7.54304
1.25761 -7.5489
1.25853 -7.55478
1.25945 -7.56067
1.26037 -7.56658
1.26129 -7.5725
1.26221 -7.57843
1.26313 -7.58437
1.26405 -7.59033
1.26497 -7.59629
1.26589 -7.60227
1.26681 -7.60827
1.26773 -7.61427
1.26865 -7.62029
1.26957 -7.62632
1.27049 -7.63236
1.27141 -7.63842
1.27233 -7.64448
1.27325 -7.65056
1.27417 -7.65665
1.2751 -7.66275
1.27602 -7.66887
1.27694 -7.67499
1.27786 -7.68113
1.27878 -7.68728
1.2797 -7.69344
1.28062 -7.69961
1.28154 -7.70579
1.28246 -7.71199
1.28338 -7.71819
1.2843 -7.72441
1.28522 -7.73064
1.28614 -7.73687
1.28706 -7.74312
1.28798 -7.74938
1.2889 -7.75565
1.28982 -7.76194
1.29074 -7.76823
1.29166 -7.77453
1.29258 -7.78084
1.2935 -7.78717
1.29442 -7.7935
1.29534 -7.79984
1.29626 -7.8062
1.29718 -7.81256
1.2981 -7.81894
1.29902 -7.82532
1.29994 -7.83171
1.30086 -7.83812
1.30178 -7.84453
1.3027 -7.85095
1.30362 -7.85739
1.30454 -7.86383
1.30546 -7.87028
1.30638 -7.87674
1.3073 -7.88321
1.30822 -7.88969
1.30914 -7.89618
1.31006 -7.90268
1.31098 -7.90918
1.3119 -7.9157
1.31282 -7.92222
1.31374 -7.92875
1.31466 -7.93529
1.31558 -7.94184
1.3165 -7.9484
1.31742 -7.95497
1.31834 -7.96154
1.31926 -7.96812
1.32018 -7.97471
1.3211 -7.98131
1.32202 -7.98792
1.32294 -7.99453
1.32386 -8.00115
1.32478 -8.00778
1.32571 -8.01442
1.32663 -8.02107
1.32755 -8.02772
1.32847 -8.03438
1.32939 -8.04104
1.33031 -8.04772
1.33123 -8.0544
1.33215 -8.06109
1.33307 -8.06778
1.33399 -8.07448
1.33491 -8.08119
1.33583 -8.08791
1.33675 -8.09463
1.33767 -8.10136
1.33859 -8.10809
1.33951 -8.11483
1.34043 -8.12158
1.34135 -8.12833
1.34227 -8.13509
1.34319 -8.14186
1.34411 -8.14863
1.34503 -8.1554
1.34595 -8.16218
1.34687 -8.16897
1.34779 -8.17576
1.34871 -8.18256
1.34963 -8.18937
1.35055 -8.19618
1.35147 -8.20299
1.35239 -8.20981
1.35331 -8.21663
1.35423 -8.22346
1.35515 -8.23029
1.35607 -8.23713
1.35699 -8.24397
1.35791 -8.25082
1.35883 -8.25767
1.35975 -8.26453
1.36067 -8.27139
1.36159 -8.27825
1.36251 -8.28512
1.36343 -8.29199
1.36435 -8.29887
1.36527 -8.30574
1.36619 -8.31263
1.36711 -8.31951
1.36803 -8.3264
1.36895 -8.3333
1.36987 -8.34019
1.37079 -8.34709
1.37171 -8.35399
1.37263 -8.3609
1.37355 -8.3678
1.37447 -8.37471
1.3754 -8.38163
1.37632 -8.38854
1.37724 -8.39546
1.37816 -8.40238
1.37908 -8.4093
1.38 -8.41623
1.38092 -8.42315
1.38184 -8.43008
1.38276 -8.43701
1.38368 -8.44394
1.3846 -8.45088
1.38552 -8.45781
1.38644 -8.46475
1.38736 -8.47168
1.38828 -8.47862
1.3892 -8.48556
1.39012 -8.4925
1.39104 -8.49944
1.39196 -8.50639
1.39288 -8.51333
1.3938 -8.52027
1.39472 -8.52722
1.39564 -8.53416
1.39656 -8.5411
1.39748 -8.54805
1.3984 -8.55499
1.39932 -8.56194
1.40024 -8.56888
1.40116 -8.57583
1.40208 -8.58277
1.403 -8.58971
1.40392 -8.59666
1.40484 -8.6036
1.40576 -8.61054
1.40668 -8.61748
1.4076 -8.62442
1.40852 -8.63136
1.40944 -8.63829
1.41036 -8.64523
1.41128 -8.65216
1.4122 -8.6591
1.41312 -8.66603
1.41404 -8.67296
1.41496 -8.67988
1.41588 -8.68681
1.4168 -8.69373
1.41772 -8.70065
1.41864 -8.70757
1.41956 -8.71449
1.42048 -8.7214
1.4214 -8.72831
1.42232 -8.73522
1.42324 -8.74213
1.42416 -8.74903
1.42509 -8.75593
1.42601 -8.76283
1.42693 -8.76972
1.42785 -8.77661
1.42877 -8.7835
1.42969 -8.79038
1.43061 -8.79726
1.43153 -8.80413
1.43245 -8.81101
1.43337 -8.81787
1.43429 -8.82474
1.43521 -8.8316
1.43613 -8.83845
1.43705 -8.8453
1.43797 -8.85215
1.43889 -8.85899
1.43981 -8.86582
1.44073 -8.87265
1.44165 -8.87948
1.44257 -8.8863
1.44349 -8.89312
1.44441 -8.89993
1.44533 -8.90673
1.44625 -8.91353
1.44717 -8.92033
1.44809 -8.92712
1.44901 -8.9339
1.44993 -8.94068
1.45085 -8.94745
1.45177 -8.95421
1.45269 -8.96097
1.45361 -8.96772
1.45453 -8.97446
1.45545 -8.9812
1.45637 -8.98793
1.45729 -8.99466
1.45821 -9.00138
1.45913 -9.00809
1.46005 -9.01479
1.46097 -9.02149
1.46189 -9.02818
1.46281 -9.03486
1.46373 -9.04153
1.46465 -9.0482
1.46557 -9.05485
1.46649 -9.0615
1.46741 -9.06815
1.46833 -9.07478
1.46925 -9.08141
1.47017 -9.08802
1.47109 -9.09463
1.47201 -9.10123
1.47293 -9.10782
1.47385 -9.11441
1.47477 -9.12098
1.4757 -9.12755
1.47662 -9.1341
1.47754 -9.14065
1.47846 -9.14719
1.47938 -9.15371
1.4803 -9.16023
1.48122 -9.16674
1.48214 -9.17324
1.48306 -9.17973
1.48398 -9.18621
1.4849 -9.19268
1.48582 -9.19913
1.48674 -9.20558
1.48766 -9.21202
1.48858 -9.21845
1.4895 -9.22486
1.49042 -9.23127
1.49134 -9.23767
1.49226 -9.24405
1.49318 -9.25042
1.4941 -9.25679
1.49502 -9.26314
1.49594 -9.26948
1.49686 -9.27581
1.49778 -9.28212
1.4987 -9.28843
1.49962 -9.29472
1.50054 -9.301
1.50146 -9.30727
1.50238 -9.31353
1.5033 -9.31978
1.50422 -9.32601
1.50514 -9.33223
1.50606 -9.33844
1.50698 -9.34464
1.5079 -9.35082
1.50882 -9.35699
1.50974 -9.36315
1.51066 -9.36929
1.51158 -9.37542
1.5125 -9.38154
1.51342 -9.38765
1.51434 -9.39374
1.51526 -9.39982
1.51618 -9.40588
1.5171 -9.41194
1.51802 -9.41797
1.51894 -9.424
1.51986 -9.43001
1.52078 -9.436
1.5217 -9.44199
1.52262 -9.44795
1.52354 -9.45391
1.52446 -9.45985
1.52539 -9.46577
1.52631 -9.47168
1.52723 -9.47758
1.52815 -9.48346
1.52907 -9.48932
1.52999 -9.49518
1.53091 -9.50101
1.53183 -9.50683
1.53275 -9.51264
1.53367 -9.51843
1.53459 -9.5242
1.53551 -9.52996
1.53643 -9.53571
1.53735 -9.54144
1.53827 -9.54715
1.53919 -9.55285
1.54011 -9.55853
1.54103 -9.56419
1.54195 -9.56984
1.54287 -9.57547
1.54379 -9.58109
1.54471 -9.58669
1.54563 -9.59228
1.54655 -9.59784
1.54747 -9.60339
1.54839 -9.60893
1.54931 -9.61445
1.55023 -9.61995
1.55115 -9.62543
1.55207 -9.6309
1.55299 -9.63635
1.55391 -9.64178
1.55483 -9.6472
1.55575 -9.65259
1.55667 -9.65797
1.55759 -9.66334
1.55851 -9.66868
1.55943 -9.67401
1.56035 -9.67932
1.56127 -9.68462
1.56219 -9.68989
1.56311 -9.69515
1.56403 -9.70039
1.56495 -9.70561
1.56587 -9.71081
1.56679 -9.716
1.56771 -9.72116
1.56863 -9.72631
1.56955 -9.73144
1.57047 -9.73655
1.57139 -9.74165
1.57231 -9.74672
1.57323 -9.75178
1.57415 -9.75682
1.57508 -9.76183
1.576 -9.76683
1.57692 -9.77182
1.57784 -9.77678
1.57876 -9.78172
1.57968 -9.78664
1.5806 -9.79155
1.58152 -9.79643
1.58244 -9.8013
1.58336 -9.80615
1.58428 -9.81097
1.5852 -9.81578
1.58612 -9.82057
1.58704 -9.82534
1.58796 -9.83009
1.58888 -9.83482
1.5898 -9.83953
1.59072 -9.84422
1.59164 -9.84889
1.59256 -9.85354
1.59348 -9.85817
1.5944 -9.86278
1.59532 -9.86737
1.59624 -9.87194
1.59716 -9.87649
1.59808 -9.88102
1.599 -9.88553
1.59992 -9.89002
1.60084 -9.89449
1.60176 -9.89894
1.60268 -9.90337
1.6036 -9.90778
1.60452 -9.91216
1.60544 -9.91653
1.60636 -9.92088
1.60728 -9.9252
1.6082 -9.92951
1.60912 -9.93379
1.61004 -9.93806
1.61096 -9.9423
1.61188 -9.94652
1.6128 -9.95072
1.61372 -9.9549
1.61464 -9.95906
1.61556 -9.9632
1.61648 -9.96732
1.6174 -9.97141
1.61832 -9.97549
1.61924 -9.97954
1.62016 -9.98358
1.62108 -9.98759
1.622 -9.99158
1.62292 -9.99555
1.62384 -9.9995
1.62476 -10.0034
1.62569 -10.0073
1.62661 -10.0112
1.62753 -10.0151
1.62845 -10.0189
1.62937 -10.0227
1.63029 -10.0265
1.63121 -10.0303
1.63213 -10.0341
1.63305 -10.0378
1.63397 -10.0415
1.63489 -10.0452
1.63581 -10.0489
1.63673 -10.0525
1.63765 -10.0562
1.63857 -10.0598
1.63949 -10.0633
1.64041 -10.0669
1.64133 -10.0704
1.64225 -10.074
1.64317 -10.0775
1.64409 -10.0809
1.64501 -10.0844
1.64593 -10.0878
1.64685 -10.0912
1.64777 -10.0946
1.64869 -10.098
1.64961 -10.1013
1.65053 -10.1046
1.65145 -10.1079
1.65237 -10.1112
1.65329 -10.1145
1.65421 -10.1177
1.65513 -10.1209
1.65605 -10.1241
1.65697 -10.1273
1.65789 -10.1304
1.65881 -10.1336
1.65973 -10.1367
1.66065 -10.1398
1.66157 -10.1428
1.66249 -10.1459
1.66341 -10.1489
1.66433 -10.1519
1.66525 -10.1549
1.66617 -10.1578
1.66709 -10.1607
1.66801 -10.1636
1.66893 -10.1665
1.66985 -10.1694
1.67077 -10.1722
1.67169 -10.1751
1.67261 -10.1779
1.67353 -10.1807
1.67445 -10.1834
1.67538 -10.1861
1.6763 -10.1889
1.67722 -10.1916
1.67814 -10.1942
1.67906 -10.1969
1.67998 -10.1995
1.6809 -10.2021
1.68182 -10.2047
1.68274 -10.2073
1.68366 -10.2098
1.68458 -10.2123
1.6855 -10.2148
1.68642 -10.2173
1.68734 -10.2198
1.68826 -10.2222
1.68918 -10.2246
1.6901 -10.227
1.69102 -10.2294
1.69194 -10.2317
1.69286 -10.234
1.69378 -10.2363
1.6947 -10.2386
1.69562 -10.2409
1.69654 -10.2431
1.69746 -10.2454
1.69838 -10.2476
1.6993 -10.2497
1.70022 -10.2519
1.70114 -10.254
1.70206 -10.2562
1.70298 -10.2583
1.7039 -10.2603
1.70482 -10.2624
1.70574 -10.2644
1.70666 -10.2664
1.70758 -10.2684
1.7085 -10.2704
1.70942 -10.2723
1.71034 -10.2743
1.71126 -10.2762
1.71218 -10.2781
1.7131 -10.2799
1.71402 -10.2818
1.71494 -10.2836
1.71586 -10.2854
1.71678 -10.2872
1.7177 -10.289
1.71862 -10.2907
1.71954 -10.2925
1.72046 -10.2942
1.72138 -10.2958
1.7223 -10.2975
1.72322 -10.2992
1.72414 -10.3008
1.72507 -10.3024
1.72599 -10.304
1.72691 -10.3055
1.72783 -10.3071
1.72875 -10.3086
1.72967 -10.3101
1.73059 -10.3116
1.73151 -10.3131
1.73243 -10.3145
1.73335 -10.3159
1.73427 -10.3174
1.73519 -10.3187
1.73611 -10.3201
1.73703 -10.3215
1.73795 -10.3228
1.73887 -10.3241
1.73979 -10.3254
1.74071 -10.3267
1.74163 -10.3279
1.74255 -10.3292
1.74347 -10.3304
1.74439 -10.3316
1.74531 -10.3328
1.74623 -10.3339
1.74715 -10.3351
1.74807 -10.3362
1.74899 -10.3373
1.74991 -10.3384
1.75083 -10.3394
1.75175 -10.3405
1.75267 -10.3415
1.75359 -10.3425
1.75451 -10.3435
1.75543 -10.3445
1.75635 -10.3455
1.75727 -10.3464
1.75819 -10.3473
1.75911 -10.3482
1.76003 -10.3491
1.76095 -10.35
1.76187 -10.3508
1.76279 -10.3517
1.76371 -10.3525
1.76463 -10.3533
1.76555 -10.3541
1.76647 -10.3548
1.76739 -10.3556
1.76831 -10.3563
1.76923 -10.357
1.77015 -10.3577
1.77107 -10.3584
1.77199 -10.3591
1.77291 -10.3597
1.77383 -10.3603
1.77475 -10.361
1.77568 -10.3615
1.7766 -10.3621
1.77752 -10.3627
1.77844 -10.3632
1.77936 -10.3638
1.78028 -10.3643
1.7812 -10.3648
1.78212 -10.3653
1.78304 -10.3657
1.78396 -10.3662
1.78488 -10.3666
1.7858 -10.367
1.78672 -10.3674
1.78764 -10.3678
1.78856 -10.3682
1.78948 -10.3685
1.7904 -10.3689
1.79132 -10.3692
1.79224 -10.3695
1.79316 -10.3698
1.79408 -10.3701
1.795 -10.3703
1.79592 -10.3706
1.79684 -10.3708
1.79776 -10.371
1.79868 -10.3712
1.7996 -10.3714
1.80052 -10.3716
1.80144 -10.3717
1.80236 -10.3719
1.80328 -10.372
1.8042 -10.3721
1.80512 -10.3722
1.80604 -10.3723
1.80696 -10.3724
1.80788 -10.3724
1.8088 -10.3725
1.80972 -10.3725
1.81064 -10.3725
1.81156 -10.3725
1.81248 -10.3725
1.8134 -10.3725
1.81432 -10.3725
1.81524 -10.3724
1.81616 -10.3723
1.81708 -10.3723
1.818 -10.3722
1.81892 -10.3721
1.81984 -10.3719
1.82076 -10.3718
1.82168 -10.3717
1.8226 -10.3715
1.82352 -10.3713
1.82444 -10.3712
1.82537 -10.371
1.82629 -10.3708
1.82721 -10.3705
1.82813 -10.3703
1.82905 -10.3701
1.82997 -10.3698
1.83089 -10.3695
1.83181 -10.3693
1.83273 -10.369
1.83365 -10.3687
1.83457 -10.3684
1.83549 -10.368
1.83641 -10.3677
1.83733 -10.3673
1.83825 -10.367
1.83917 -10.3666
1.84009 -10.3662
1.84101 -10.3658
1.84193 -10.3654
1.84285 -10.365
1.84377 -10.3646
1.84469 -10.3641
1.84561 -10.3637
1.84653 -10.3632
1.84745 -10.3627
1.84837 -10.3623
1.84929 -10.3618
1.85021 -10.3613
1.85113 -10.3608
1.85205 -10.3602
1.85297 -10.3597
1.85389 -10.3592
1.85481 -10.3586
1.85573 -10.358
1.85665 -10.3575
1.85757 -10.3569
1.85849 -10.3563
1.85941 -10.3557
1.86033 -10.3551
1.86125 -10.3544
1.86217 -10.3538
1.86309 -10.3532
1.86401 -10.3525
1.86493 -10.3519
1.86585 -10.3512
1.86677 -10.3505
1.86769 -10.3498
1.86861 -10.3491
1.86953 -10.3484
1.87045 -10.3477
1.87137 -10.347
1.87229 -10.3463
1.87321 -10.3455
1.87413 -10.3448
1.87506 -10.344
1.87598 -10.3433
1.8769 -10.3425
1.87782 -10.3417
1.87874 -10.3409
1.87966 -10.3401
1.88058 -10.3393
1.8815 -10.3385
1.88242 -10.3377
1.88334 -10.3369
1.88426 -10.3361
1.88518 -10.3352
1.8861 -10.3344
1.88702 -10.3335
1.88794 -10.3327
1.88886 -10.3318
1.88978 -10.3309
1.8907 -10.33
1.89162 -10.3291
1.89254 -10.3282
1.89346 -10.3273
1.89438 -10.3264
1.8953 -10.3255
1.89622 -10.3246
1.89714 -10.3237
1.89806 -10.3227
1.89898 -10.3218
1.8999 -10.3208
1.90082 -10.3199
1.90174 -10.3189
1.90266 -10.3179
1.90358 -10.317
1.9045 -10.316
1.90542 -10.315
1.90634 -10.314
1.90726 -10.313
1.90818 -10.312
1.9091 -10.311
1.91002 -10.31
1.91094 -10.309
1.91186 -10.308
1.91278 -10.3069
1.9137 -10.3059
1.91462 -10.3049
1.91554 -10.3038
1.91646 -10.3028
1.91738 -10.3017
1.9183 -10.3007
1.91922 -10.2996
1.92014 -10.2985
1.92106 -10.2975
1.92198 -10.2964
1.9229 -10.2953
1.92382 -10.2942
1.92474 -10.2931
1.92567 -10.292
1.92659 -10.2909
1.92751 -10.2898
1.92843 -10.2887
1.92935 -10.2876
1.93027 -10.2865
1.93119 -10.2854
1.93211 -10.2843
1.93303 -10.2832
1.93395 -10.282
1.93487 -10.2809
1.93579 -10.2798
1.93671 -10.2786
1.93763 -10.2775
1.93855 -10.2763
1.93947 -10.2752
1.94039 -10.274
1.94131 -10.2729
1.94223 -10.2717
1.94315 -10.2706
1.94407 -10.2694
1.94499 -10.2682
1.94591 -10.2671
1.94683 -10.2659
1.94775 -10.2647
1.94867 -10.2635
1.94959 -10.2624
1.95051 -10.2612
1.95143 -10.26
1.95235 -10.2588
1.95327 -10.2576
1.95419 -10.2564
1.95511 -10.2552
1.95603 -10.254
1.95695 -10.2529
1.95787 -10.2517
1.95879 -10.2505
1.95971 -10.2493
1.96063 -10.248
1.96155 -10.2468
1.96247 -10.2456
1.96339 -10.2444
1.96431 -10.2432
1.96523 -10.242
1.96615 -10.2408
1.96707 -10.2396
1.96799 -10.2384
1.96891 -10.2371
1.96983 -10.2359
1.97075 -10.2347
1.97167 -10.2335
1.97259 -10.2323
1.97351 -10.2311
1.97443 -10.2298
1.97536 -10.2286
1.97628 -10.2274
1.9772 -10.2262
1.97812 -10.2249
1.97904 -10.2237
1.97996 -10.2225
1.98088 -10.2213
1.9818 -10.22
1.98272 -10.2188
1.98364 -10.2176
1.98456 -10.2163
1.98548 -10.2151
1.9864 -10.2139
1.98732 -10.2127
1.98824 -10.2114
1.98916 -10.2102
1.99008 -10.209
1.991 -10.2077
1.99192 -10.2065
1.99284 -10.2053
1.99376 -10.2041
1.99468 -10.2028
1.9956 -10.2016
1.99652 -10.2004
1.99744 -10.1992
1.99836 -10.1979
1.99928 -10.1967
2.0002 -10.1955
2.00112 -10.1943
2.00204 -10.193
2.00296 -10.1918
2.00388 -10.1906
2.0048 -10.1894
2.00572 -10.1882
2.00664 -10.187
2.00756 -10.1857
2.00848 -10.1845
2.0094 -10.1833
2.01032 -10.1821
2.01124 -10.1809
2.01216 -10.1797
2.01308 -10.1785
2.014 -10.1773
2.01492 -10.1761
2.01584 -10.1749
2.01676 -10.1736
2.01768 -10.1724
2.0186 -10.1712
2.01952 -10.1701
2.02044 -10.1689
2.02136 -10.1677
2.02228 -10.1665
2.0232 -10.1653
2.02412 -10.1641
2.02505 -10.1629
2.02597 -10.1617
2.02689 -10.1605
2.02781 -10.1594
2.02873 -10.1582
2.02965 -10.157
2.03057 -10.1558
2.03149 -10.1547
2.03241 -10.1535
2.03333 -10.1523
2.03425 -10.1512
2.03517 -10.15
2.03609 -10.1488
2.03701 -10.1477
2.03793 -10.1465
2.03885 -10.1454
2.03977 -10.1442
2.04069 -10.1431
2.04161 -10.1419
2.04253 -10.1408
2.04345 -10.1397
2.04437 -10.1385
2.04529 -10.1374
2.04621 -10.1363
2.04713 -10.1351
2.04805 -10.134
2.04897 -10.1329
2.04989 -10.1318
2.05081 -10.1307
2.05173 -10.1296
2.05265 -10.1284
2.05357 -10.1273
2.05449 -10.1262
2.05541 -10.1251
2.05633 -10.1241
2.05725 -10.123
2.05817 -10.1219
2.05909 -10.1208
2.06001 -10.1197
2.06093 -10.1186
2.06185 -10.1176
2.06277 -10.1165
2.06369 -10.1154
2.06461 -10.1144
2.06553 -10.1133
2.06645 -10.1123
2.06737 -10.1112
2.06829 -10.1102
2.06921 -10.1091
2.07013 -10.1081
2.07105 -10.107
2.07197 -10.106
2.07289 -10.105
2.07381 -10.104
2.07473 -10.1029
2.07566 -10.1019
2.07658 -10.1009
2.0775 -10.0999
2.07842 -10.0989
2.07934 -10.0979
2.08026 -10.0969
2.08118 -10.0959
2.0821 -10.0949
2.08302 -10.094
2.08394 -10.093
2.08486 -10.092
2.08578 -10.091
2.0867 -10.0901
2.08762 -10.0891
2.08854 -10.0882
2.08946 -10.0872
2.09038 -10.0863
2.0913 -10.0853
2.09222 -10.0844
2.09314 -10.0835
2.09406 -10.0825
2.09498 -10.0816
2.0959 -10.0807
2.09682 -10.0798
2.09774 -10.0789
2.09866 -10.078
2.09958 -10.0771
2.1005 -10.0762
2.10142 -10.0753
2.10234 -10.0744
2.10326 -10.0736
2.10418 -10.0727
2.1051 -10.0718
2.10602 -10.071
2.10694 -10.0701
2.10786 -10.0693
2.10878 -10.0684
2.1097 -10.0676
2.11062 -10.0667
2.11154 -10.0659
2.11246 -10.0651
2.11338 -10.0643
2.1143 -10.0634
2.11522 -10.0626
2.11614 -10.0618
2.11706 -10.061
2.11798 -10.0602
2.1189 -10.0595
2.11982 -10.0587
2.12074 -10.0579
2.12166 -10.0571
2.12258 -10.0564
2.1235 -10.0556
2.12442 -10.0548
2.12535 -10.0541
2.12627 -10.0534
2.12719 -10.0526
2.12811 -10.0519
2.12903 -10.0512
2.12995 -10.0504
2.13087 -10.0497
2.13179 -10.049
2.13271 -10.0483
2.13363 -10.0476
2.13455 -10.0469
2.13547 -10.0462
2.13639 -10.0456
2.13731 -10.0449
2.13823 -10.0442
2.13915 -10.0436
2.14007 -10.0429
2.14099 -10.0423
2.14191 -10.0416
2.14283 -10.041
2.14375 -10.0403
2.14467 -10.0397
2.14559 -10.0391
2.14651 -10.0385
2.14743 -10.0379
2.14835 -10.0373
2.14927 -10.0367
2.15019 -10.0361
2.15111 -10.0355
2.15203 -10.0349
2.15295 -10.0344
2.15387 -10.0338
2.15479 -10.0332
2.15571 -10.0327
2.15663 -10.0321
2.15755 -10.0316
2.15847 -10.0311
2.15939 -10.0306
2.16031 -10.03
2.16123 -10.0295
2.16215 -10.029
2.16307 -10.0285
2.16399 -10.028
2.16491 -10.0275
2.16583 -10.0271
2.16675 -10.0266
2.16767 -10.0261
2.16859 -10.0257
2.16951 -10.0252
2.17043 -10.0247
2.17135 -10.0243
2.17227 -10.0239
2.17319 -10.0234
2.17411 -10.023
2.17504 -10.0226
2.17596 -10.0222
2.17688 -10.0218
2.1778 -10.0214
2.17872 -10.021
2.17964 -10.0206
2.18056 -10.0203
2.18148 -10.0199
2.1824 -10.0195
2.18332 -10.0192
2.18424 -10.0188
2.18516 -10.0185
2.18608 -10.0182
2.187 -10.0178
2.18792 -10.0175
2.18884 -10.0172
2.18976 -10.0169
2.19068 -10.0166
2.1916 -10.0163
2.19252 -10.016
2.19344 -10.0157
2.19436 -10.0155
2.19528 -10.0152
2.1962 -10.0149
2.19712 -10.0147
2.19804 -10.0144
2.19896 -10.0142
2.19988 -10.014
2.2008 -10.0137
2.20172 -10.0135
2.20264 -10.0133
2.20356 -10.0131
2.20448 -10.0129
2.2054 -10.0127
2.20632 -10.0126
2.20724 -10.0124
2.20816 -10.0122
2.20908 -10.012
2.21 -10.0119
2.21092 -10.0118
2.21184 -10.0116
2.21276 -10.0115
2.21368 -10.0114
2.2146 -10.0112
2.21552 -10.0111
2.21644 -10.011
2.21736 -10.0109
2.21828 -10.0108
2.2192 -10.0108
2.22012 -10.0107
2.22104 -10.0106
2.22196 -10.0106
2.22288 -10.0105
2.2238 -10.0105
2.22472 -10.0104
2.22565 -10.0104
2.22657 -10.0104
2.22749 -10.0103
2.22841 -10.0103
2.22933 -10.0103
2.23025 -10.0103
2.23117 -10.0104
2.23209 -10.0104
2.23301 -10.0104
2.23393 -10.0104
2.23485 -10.0105
2.23577 -10.0105
2.23669 -10.0106
2.23761 -10.0106
2.23853 -10.0107
2.23945 -10.0108
2.24037 -10.0109
2.24129 -10.011
2.24221 -10.0111
2.24313 -10.0112
2.24405 -10.0113
2.24497 -10.0114
2.24589 -10.0116
2.24681 -10.0117
2.24773 -10.0118
2.24865 -10.012
2.24957 -10.0121
2.25049 -10.0123
2.25141 -10.0125
2.25233 -10.0127
2.25325 -10.0129
2.25417 -10.0131
2.25509 -10.0133
2.25601 -10.0135
2.25693 -10.0137
2.25785 -10.0139
2.25877 -10.0142
2.25969 -10.0144
2.26061 -10.0146
2.26153 -10.0149
2.26245 -10.0152
2.26337 -10.0154
2.26429 -10.0157
2.26521 -10.016
2.26613 -10.0163
2.26705 -10.0166
2.26797 -10.0169
2.26889 -10.0172
2.26981 -10.0175
2.27073 -10.0179
2.27165 -10.0182
2.27257 -10.0186
2.27349 -10.0189
2.27441 -10.0193
2.27534 -10.0196
2.27626 -10.02
2.27718 -10.0204
2.2781 -10.0208
2.27902 -10.0212
2.27994 -10.0216
2.28086 -10.022
2.28178 -10.0224
2.2827 -10.0229
2.28362 -10.0233
2.28454 -10.0237
2.28546 -10.0242
2.28638 -10.0247
2.2873 -10.0251
2.28822 -10.0256
2.28914 -10.0261
2.29006 -10.0266
2.29098 -10.0271
2.2919 -10.0276
2.29282 -10.0281
2.29374 -10.0286
2.29466 -10.0291
2.29558 -10.0297
2.2965 -10.0302
2.29742 -10.0307
2.29834 -10.0313
2.29926 -10.0319
2.30018 -10.0324
2.3011 -10.033
2.30202 -10.0336
2.30294 -10.0342
2.30386 -10.0348
2.30478 -10.0354
2.3057 -10.036
2.30662 -10.0366
2.30754 -10.0373
2.30846 -10.0379
2.30938 -10.0386
2.3103 -10.0392
2.31122 -10.0399
2.31214 -10.0406
2.31306 -10.0412
2.31398 -10.0419
2.3149 -10.0426
2.31582 -10.0433
2.31674 -10.044
2.31766 -10.0447
2.31858 -10.0454
2.3195 -10.0462
2.32042 -10.0469
2.32134 -10.0477
2.32226 -10.0484
2.32318 -10.0492
2.3241 -10.0499
2.32503 -10.0507
2.32595 -10.0515
2.32687 -10.0523
2.32779 -10.0531
2.32871 -10.0539
2.32963 -10.0547
2.33055 -10.0555
2.33147 -10.0563
2.33239 -10.0572
2.33331 -10.058
2.33423 -10.0589
2.33515 -10.0597
2.33607 -10.0606
2.33699 -10.0614
2.33791 -10.0623
2.33883 -10.0632
2.33975 -10.0641
2.34067 -10.065
2.34159 -10.0659
2.34251 -10.0668
2.34343 -10.0677
2.34435 -10.0687
2.34527 -10.0696
2.34619 -10.0706
2.34711 -10.0715
2.34803 -10.0725
2.34895 -10.0734
2.34987 -10.0744
2.35079 -10.0754
2.35171 -10.0764
2.35263 -10.0774
2.35355 -10.0784
2.35447 -10.0794
2.35539 -10.0804
2.35631 -10.0814
2.35723 -10.0825
2.35815 -10.0835
2.35907 -10.0846
2.35999 -10.0856
2.36091 -10.0867
2.36183 -10.0877
2.36275 -10.0888
2.36367 -10.0899
2.36459 -10.091
2.36551 -10.0921
2.36643 -10.0932
2.36735 -10.0943
2.36827 -10.0954
2.36919 -10.0966
2.37011 -10.0977
2.37103 -10.0988
2.37195 -10.1
2.37287 -10.1011
2.37379 -10.1023
2.37471 -10.1035
2.37564 -10.1046
2.37656 -10.1058
2.37748 -10.107
2.3784 -10.1082
2.37932 -10.1094
2.38024 -10.1106
2.38116 -10.1119
2.38208 -10.1131
2.383 -10.1143
2.38392 -10.1156
2.38484 -10.1168
2.38576 -10.1181
2.38668 -10.1193
2.3876 -10.1206
2.38852 -10.1219
2.38944 -10.1232
2.39036 -10.1245
2.39128 -10.1258
2.3922 -10.1271
2.39312 -10.1284
2.39404 -10.1297
2.39496 -10.131
2.39588 -10.1324
2.3968 -10.1337
2.39772 -10.1351
2.39864 -10.1364
2.39956 -10.1378
2.40048 -10.1391
2.4014 -10.1405
2.40232 -10.1419
2.40324 -10.1433
2.40416 -10.1447
2.40508 -10.1461
2.406 -10.1475
2.40692 -10.1489
2.40784 -10.1503
2.40876 -10.1518
2.40968 -10.1532
2.4106 -10.1546
2.41152 -10.1561
2.41244 -10.1576
2.41336 -10.159
2.41428 -10.1605
2.4152 -10.162
2.41612 -10.1635
2.41704 -10.165
2.41796 -10.1665
2.41888 -10.168
2.4198 -10.1695
2.42072 -10.171
2.42164 -10.1725
2.42256 -10.1741
2.42348 -10.1756
2.4244 -10.1771
2.42533 -10.1787
2.42625 -10.1802
2.42717 -10.1818
2.42809 -10.1834
2.42901 -10.185
2.42993 -10.1866
2.43085 -10.1881
2.43177 -10.1897
2.43269 -10.1914
2.43361 -10.193
2.43453 -10.1946
2.43545 -10.1962
2.43637 -10.1978
2.43729 -10.1995
2.43821 -10.2011
2.43913 -10.2028
2.44005 -10.2044
2.44097 -10.2061
2.44189 -10.2078
2.44281 -10.2095
2.44373 -10.2111
2.44465 -10.2128
2.44557 -10.2145
2.44649 -10.2162
2.44741 -10.2179
2.44833 -10.2197
2.44925 -10.2214
2.45017 -10.2231
2.45109 -10.2248
2.45201 -10.2266
2.45293 -10.2283
2.45385 -10.2301
2.45477 -10.2319
2.45569 -10.2336
2.45661 -10.2354
2.45753 -10.2372
2.45845 -10.239
2.45937 -10.2408
2.46029 -10.2426
2.46121 -10.2444
2.46213 -10.2462
2.46305 -10.248
2.46397 -10.2498
2.46489 -10.2516
2.46581 -10.2535
2.46673 -10.2553
2.46765 -10.2572
2.46857 -10.259
2.46949 -10.2609
2.47041 -10.2627
2.47133 -10.2646
2.47225 -10.2665
2.47317 -10.2684
2.47409 -10.2703
2.47502 -10.2722
2.47594 -10.2741
2.47686 -10.276
2.47778 -10.2779
2.4787 -10.2798
2.47962 -10.2817
2.48054 -10.2837
2.48146 -10.2856
2.48238 -10.2875
2.4833 -10.2895
2.48422 -10.2915
2.48514 -10.2934
2.48606 -10.2954
2.48698 -10.2974
2.4879 -10.2993
2.48882 -10.3013
2.48974 -10.3033
2.49066 -10.3053
2.49158 -10.3073
2.4925 -10.3093
2.49342 -10.3113
2.49434 -10.3133
2.49526 -10.3154
2.49618 -10.3174
2.4971 -10.3194
2.49802 -10.3215
2.49894 -10.3235
2.49986 -10.3256
2.50078 -10.3276
2.5017 -10.3297
2.50262 -10.3318
2.50354 -10.3338
2.50446 -10.3359
2.50538 -10.338
2.5063 -10.3401
2.50722 -10.3422
2.50814 -10.3443
2.50906 -10.3464
2.50998 -10.3485
2.5109 -10.3506
2.51182 -10.3528
2.51274 -10.3549
2.51366 -10.357
2.51458 -10.3592
2.5155 -10.3613
2.51642 -10.3635
2.51734 -10.3656
2.51826 -10.3678
2.51918 -10.37
2.5201 -10.3721
2.52102 -10.3743
2.52194 -10.3765
2.52286 -10.3787
2.52378 -10.3809
2.5247 -10.3831
2.52563 -10.3853
2.52655 -10.3875
2.52747 -10.3897
2.52839 -10.3919
2.52931 -10.3941
2.53023 -10.3964
2.53115 -10.3986
2.53207 -10.4008
2.53299 -10.4031
2.53391 -10.4053
2.53483 -10.4076
2.53575 -10.4098
2.53667 -10.4121
2.53759 -10.4144
2.53851 -10.4166
2.53943 -10.4189
2.54035 -10.4212
2.54127 -10.4235
2.54219 -10.4258
2.54311 -10.4281
2.54403 -10.4304
2.54495 -10.4327
2.54587 -10.435
2.54679 -10.4373
2.54771 -10.4396
2.54863 -10.442
2.54955 -10.4443
2.55047 -10.4466
2.55139 -10.449
2.55231 -10.4513
2.55323 -10.4537
2.55415 -10.456
2.55507 -10.4584
2.55599 -10.4607
2.55691 -10.4631
2.55783 -10.4655
2.55875 -10.4678
2.55967 -10.4702
2.56059 -10.4726
2.56151 -10.475
2.56243 -10.4774
2.56335 -10.4798
2.56427 -10.4822
2.56519 -10.4846
2.56611 -10.487
2.56703 -10.4894
2.56795 -10.4918
2.56887 -10.4943
2.56979 -10.4967
2.57071 -10.4991
2.57163 -10.5016
2.57255 -10.504
2.57347 -10.5065
2.57439 -10.5089
2.57532 -10.5114
2.57624 -10.5138
2.57716 -10.5163
2.57808 -10.5187
2.579 -10.5212
2.57992 -10.5237
2.58084 -10.5262
2.58176 -10.5286
2.58268 -10.5311
2.5836 -10.5336
2.58452 -10.5361
2.58544 -10.5386
2.58636 -10.5411
2.58728 -10.5436
2.5882 -10.5461
2.58912 -10.5486
2.59004 -10.5511
2.59096 -10.5537
2.59188 -10.5562
2.5928 -10.5587
2.59372 -10.5612
2.59464 -10.5638
2.59556 -10.5663
2.59648 -10.5689
2.5974 -10.5714
2.59832 -10.574
2.59924 -10.5765
2.60016 -10.5791
2.60108 -10.5816
2.602 -10.5842
2.60292 -10.5868
2.60384 -10.5893
2.60476 -10.5919
2.60568 -10.5945
2.6066 -10.5971
2.60752 -10.5997
2.60844 -10.6022
2.60936 -10.6048
2.61028 -10.6074
2.6112 -10.61
2.61212 -10.6126
2.61304 -10.6152
2.61396 -10.6178
2.61488 -10.6204
2.6158 -10.6231
2.61672 -10.6257
2.61764 -10.6283
2.61856 -10.6309
2.61948 -10.6336
2.6204 -10.6362
2.62132 -10.6388
2.62224 -10.6415
2.62316 -10.6441
2.62408 -10.6467
2.62501 -10.6494
2.62593 -10.652
2.62685 -10.6547
2.62777 -10.6573
2.62869 -10.66
2.62961 -10.6626
2.63053 -10.6653
2.63145 -10.668
2.63237 -10.6706
2.63329 -10.6733
2.63421 -10.676
2.63513 -10.6787
2.63605 -10.6813
2.63697 -10.684
2.63789 -10.6867
2.63881 -10.6894
2.63973 -10.6921
2.64065 -10.6948
2.64157 -10.6975
2.64249 -10.7002
2.64341 -10.7029
2.64433 -10.7056
2.64525 -10.7083
2.64617 -10.711
2.64709 -10.7137
2.64801 -10.7164
2.64893 -10.7191
2.64985 -10.7219
2.65077 -10.7246
2.65169 -10.7273
2.65261 -10.73
2.65353 -10.7327
2.65445 -10.7355
2.65537 -10.7382
2.65629 -10.7409
2.65721 -10.7437
2.65813 -10.7464
2.65905 -10.7492
2.65997 -10.7519
2.66089 -10.7546
2.66181 -10.7574
2.66273 -10.7601
2.66365 -10.7629
2.66457 -10.7656
2.66549 -10.7684
2.66641 -10.7712
2.66733 -10.7739
2.66825 -10.7767
2.66917 -10.7794
2.67009 -10.7822
2.67101 -10.785
2.67193 -10.7877
2.67285 -10.7905
2.67377 -10.7933
2.67469 -10.7961
2.67562 -10.7988
2.67654 -10.8016
2.67746 -10.8044
2.67838 -10.8072
2.6793 -10.81
2.68022 -10.8127
2.68114 -10.8155
2.68206 -10.8183
2.68298 -10.8211
2.6839 -10.8239
2.68482 -10.8267
2.68574 -10.8295
2.68666 -10.8323
2.68758 -10.8351
2.6885 -10.8379
2.68942 -10.8407
2.69034 -10.8435
2.69126 -10.8463
2.69218 -10.8491
2.6931 -10.8519
2.69402 -10.8547
2.69494 -10.8575
2.69586 -10.8603
2.69678 -10.8631
2.6977 -10.8659
2.69862 -10.8687
2.69954 -10.8715
2.70046 -10.8744
2.70138 -10.8772
2.7023 -10.88
2.70322 -10.8828
2.70414 -10.8856
2.70506 -10.8884
2.70598 -10.8913
2.7069 -10.8941
2.70782 -10.8969
2.70874 -10.8997
2.70966 -10.9026
2.71058 -10.9054
2.7115 -10.9082
2.71242 -10.911
2.71334 -10.9139
2.71426 -10.9167
2.71518 -10.9195
2.7161 -10.9224
2.71702 -10.9252
2.71794 -10.928
2.71886 -10.9309
2.71978 -10.9337
2.7207 -10.9365
2.72162 -10.9394
2.72254 -10.9422
2.72346 -10.945
2.72438 -10.9479
2.72531 -10.9507
2.72623 -10.9535
2.72715 -10.9564
2.72807 -10.9592
2.72899 -10.962
2.72991 -10.9649
2.73083 -10.9677
2.73175 -10.9706
2.73267 -10.9734
2.73359 -10.9762
2.73451 -10.9791
2.73543 -10.9819
2.73635 -10.9848
2.73727 -10.9876
2.73819 -10.9904
2.73911 -10.9933
2.74003 -10.9961
2.74095 -10.999
2.74187 -11.0018
2.74279 -11.0046
2.74371 -11.0075
2.74463 -11.0103
2.74555 -11.0132
2.74647 -11.016
2.74739 -11.0189
2.74831 -11.0217
2.74923 -11.0245
2.75015 -11.0274
2.75107 -11.0302
2.75199 -11.0331
2.75291 -11.0359
2.75383 -11.0387
2.75475 -11.0416
2.75567 -11.0444
2.75659 -11.0473
2.75751 -11.0501
2.75843 -11.0529
2.75935 -11.0558
2.76027 -11.0586
2.76119 -11.0614
2.76211 -11.0643
2.76303 -11.0671
2.76395 -11.07
2.76487 -11.0728
2.76579 -11.0756
2.76671 -11.0785
2.76763 -11.0813
2.76855 -11.0841
2.76947 -11.087
2.77039 -11.0898
2.77131 -11.0926
2.77223 -11.0955
2.77315 -11.0983
2.77407 -11.1011
2.77499 -11.1039
2.77592 -11.1068
2.77684 -11.1096
2.77776 -11.1124
2.77868 -11.1153
2.7796 -11.1181
2.78052 -11.1209
2.78144 -11.1237
2.78236 -11.1266
2.78328 -11.1294
2.7842 -11.1322
2.78512 -11.135
2.78604 -11.1378
2.78696 -11.1406
2.78788 -11.1435
2.7888 -11.1463
2.78972 -11.1491
2.79064 -11.1519
2.79156 -11.1547
2.79248 -11.1575
2.7934 -11.1603
2.79432 -11.1631
2.79524 -11.166
2.79616 -11.1688
2.79708 -11.1716
2.798 -11.1744
2.79892 -11.1772
2.79984 -11.18
2.80076 -11.1828
2.80168 -11.1856
2.8026 -11.1884
2.80352 -11.1912
2.80444 -11.1939
2.80536 -11.1967
2.80628 -11.1995
2.8072 -11.2023
2.80812 -11.2051
2.80904 -11.2079
2.80996 -11.2107
2.81088 -11.2135
2.8118 -11.2162
2.81272 -11.219
2.81364 -11.2218
2.81456 -11.2246
2.81548 -11.2273
2.8164 -11.2301
2.81732 -11.2329
2.81824 -11.2357
2.81916 -11.2384
2.82008 -11.2412
2.821 -11.244
2.82192 -11.2467
2.82284 -11.2495
2.82376 -11.2522
2.82468 -11.255
2.82561 -11.2577
2.82653 -11.2605
2.82745 -11.2632
2.82837 -11.266
2.82929 -11.2687
2.83021 -11.2715
2.83113 -11.2742
2.83205 -11.277
2.83297 -11.2797
2.83389 -11.2824
2.83481 -11.2852
2.83573 -11.2879
2.83665 -11.2906
2.83757 -11.2934
2.83849 -11.2961
2.83941 -11.2988
2.84033 -11.3015
2.84125 -11.3042
2.84217 -11.307
2.84309 -11.3097
2.84401 -11.3124
2.84493 -11.3151
2.84585 -11.3178
2.84677 -11.3205
2.84769 -11.3232
2.84861 -11.3259
2.84953 -11.3286
2.85045 -11.3313
2.85137 -11.334
2.85229 -11.3367
2.85321 -11.3394
2.85413 -11.3421
2.85505 -11.3447
2.85597 -11.3474
2.85689 -11.3501
2.85781 -11.3528
2.85873 -11.3554
2.85965 -11.3581
2.86057 -11.3608
2.86149 -11.3634
2.86241 -11.3661
2.86333 -11.3688
2.86425 -11.3714
2.86517 -11.3741
2.86609 -11.3767
2.86701 -11.3794
2.86793 -11.382
2.86885 -11.3846
2.86977 -11.3873
2.87069 -11.3899
2.87161 -11.3925
2.87253 -11.3952
2.87345 -11.3978
2.87437 -11.4004
2.8753 -11.403
2.87622 -11.4057
2.87714 -11.4083
2.87806 -11.4109
2.87898 -11.4135
2.8799 -11.4161
2.88082 -11.4187
2.88174 -11.4213
2.88266 -11.4239
2.88358 -11.4265
2.8845 -11.4291
2.88542 -11.4317
2.88634 -11.4343
2.88726 -11.4368
2.88818 -11.4394
2.8891 -11.442
2.89002 -11.4446
2.89094 -11.4471
2.89186 -11.4497
2.89278 -11.4522
2.8937 -11.4548
2.89462 -11.4574
2.89554 -11.4599
2.89646 -11.4625
2.89738 -11.465
2.8983 -11.4675
2.89922 -11.4701
2.90014 -11.4726
2.90106 -11.4751
2.90198 -11.4777
2.9029 -11.4802
2.90382 -11.4827
2.90474 -11.4852
2.90566 -11.4877
2.90658 -11.4903
2.9075 -11.4928
2.90842 -11.4953
2.90934 -11.4978
2.91026 -11.5003
2.91118 -11.5028
2.9121 -11.5052
2.91302 -11.5077
2.91394 -11.5102
2.91486 -11.5127
2.91578 -11.5152
2.9167 -11.5176
2.91762 -11.5201
2.91854 -11.5226
2.91946 -11.525
2.92038 -11.5275
2.9213 -11.5299
2.92222 -11.5324
2.92314 -11.5348
2.92406 -11.5373
2.92498 -11.5397
2.92591 -11.5421
2.92683 -11.5446
2.92775 -11.547
2.92867 -11.5494
2.92959 -11.5518
2.93051 -11.5542
2.93143 -11.5566
2.93235 -11.559
2.93327 -11.5614
2.93419 -11.5638
2.93511 -11.5662
2.93603 -11.5686
2.93695 -11.571
2.93787 -11.5734
2.93879 -11.5758
2.93971 -11.5781
2.94063 -11.5805
2.94155 -11.5829
2.94247 -11.5852
2.94339 -11.5876
2.94431 -11.59
2.94523 -11.5923
2.94615 -11.5946
2.94707 -11.597
2.94799 -11.5993
2.94891 -11.6017
2.94983 -11.604
2.95075 -11.6063
2.95167 -11.6086
2.95259 -11.6109
2.95351 -11.6133
2.95443 -11.6156
2.95535 -11.6179
2.95627 -11.6202
2.95719 -11.6225
2.95811 -11.6248
2.95903 -11.627
2.95995 -11.6293
2.96087 -11.6316
2.96179 -11.6339
2.96271 -11.6362
2.96363 -11.6384
2.96455 -11.6407
2.96547 -11.6429
2.96639 -11.6452
2.96731 -11.6474
2.96823 -11.6497
2.96915 -11.6519
2.97007 -11.6542
2.97099 -11.6564
2.97191 -11.6586
2.97283 -11.6608
2.97375 -11.6631
2.97467 -11.6653
2.9756 -11.6675
2.97652 -11.6697
2.97744 -11.6719
2.97836 -11.6741
2.97928 -11.6763
2.9802 -11.6785
2.98112 -11.6806
2.98204 -11.6828
2.98296 -11.685
2.98388 -11.6872
2.9848 -11.6893
2.98572 -11.6915
2.98664 -11.6936
2.98756 -11.6958
2.98848 -11.6979
2.9894 -11.7001
2.99032 -11.7022
2.99124 -11.7043
2.99216 -11.7065
2.99308 -11.7086
2.994 -11.7107
2.99492 -11.7128
2.99584 -11.7149
2.99676 -11.7171
2.99768 -11.7192
2.9986 -11.7212
2.99952 -11.7233
3.00044 -11.7254
3.00136 -11.7275
3.00228 -11.7296
3.0032 -11.7317
3.00412 -11.7337
3.00504 -11.7358
3.00596 -11.7379
3.00688 -11.7399
3.0078 -11.742
3.00872 -11.744
3.00964 -11.746
3.01056 -11.7481
3.01148 -11.7501
3.0124 -11.7521
3.01332 -11.7542
3.01424 -11.7562
3.01516 -11.7582
3.01608 -11.7602
3.017 -11.7622
3.01792 -11.7642
3.01884 -11.7662
3.01976 -11.7682
3.02068 -11.7702
3.0216 -11.7722
3.02252 -11.7741
3.02344 -11.7761
3.02436 -11.7781
3.02529 -11.78
3.02621 -11.782
3.02713 -11.7839
3.02805 -11.7859
3.02897 -11.7878
3.02989 -11.7898
3.03081 -11.7917
3.03173 -11.7936
3.03265 -11.7955
3.03357 -11.7975
3.03449 -11.7994
3.03541 -11.8013
3.03633 -11.8032
3.03725 -11.8051
3.03817 -11.807
3.03909 -11.8089
3.04001 -11.8108
3.04093 -11.8126
3.04185 -11.8145
3.04277 -11.8164
3.04369 -11.8183
3.04461 -11.8201
3.04553 -11.822
3.04645 -11.8238
3.04737 -11.8257
3.04829 -11.8275
3.04921 -11.8294
3.05013 -11.8312
3.05105 -11.833
3.05197 -11.8348
3.05289 -11.8367
3.05381 -11.8385
3.05473 -11.8403
3.05565 -11.8421
3.05657 -11.8439
3.05749 -11.8457
3.05841 -11.8475
3.05933 -11.8492
3.06025 -11.851
3.06117 -11.8528
3.06209 -11.8546
3.06301 -11.8563
3.06393 -11.8581
3.06485 -11.8599
3.06577 -11.8616
3.06669 -11.8634
3.06761 -11.8651
3.06853 -11.8668
3.06945 -11.8686
3.07037 -11.8703
3.07129 -11.872
3.07221 -11.8737
3.07313 -11.8755
3.07405 -11.8772
3.07497 -11.8789
3.0759 -11.8806
3.07682 -11.8823
3.07774 -11.8839
3.07866 -11.8856
3.07958 -11.8873
3.0805 -11.889
3.08142 -11.8907
3.08234 -11.8923
3.08326 -11.894
3.08418 -11.8956
3.0851 -11.8973
3.08602 -11.8989
3.08694 -11.9006
3.08786 -11.9022
3.08878 -11.9039
3.0897 -11.9055
3.09062 -11.9071
3.09154 -11.9087
3.09246 -11.9103
3.09338 -11.9119
3.0943 -11.9136
3.09522 -11.9152
3.09614 -11.9167
3.09706 -11.9183
3.09798 -11.9199
3.0989 -11.9215
3.09982 -11.9231
3.10074 -11.9247
3.10166 -11.9262
3.10258 -11.9278
3.1035 -11.9293
3.10442 -11.9309
3.10534 -11.9324
3.10626 -11.934
3.10718 -11.9355
3.1081 -11.9371
3.10902 -11.9386
3.10994 -11.9401
3.11086 -11.9416
3.11178 -11.9431
3.1127 -11.9447
3.11362 -11.9462
3.11454 -11.9477
3.11546 -11.9492
3.11638 -11.9507
3.1173 -11.9521
3.11822 -11.9536
3.11914 -11.9551
3.12006 -11.9566
3.12098 -11.9581
3.1219 -11.9595
3.12282 -11.961
3.12374 -11.9624
3.12466 -11.9639
3.12559 -11.9653
3.12651 -11.9668
3.12743 -11.9682
3.12835 -11.9697
3.12927 -11.9711
3.13019 -11.9725
3.13111 -11.9739
3.13203 -11.9753
3.13295 -11.9768
3.13387 -11.9782
3.13479 -11.9796
3.13571 -11.981
3.13663 -11.9824
3.13755 -11.9837
3.13847 -11.9851
3.13939 -11.9865
3.14031 -11.9879
3.14123 -11.9893
3.14215 -11.9906
3.14307 -11.992
3.14399 -11.9933
3.14491 -11.9947
3.14583 -11.996
3.14675 -11.9974
3.14767 -11.9987
3.14859 -12.0001
3.14951 -12.0014
3.15043 -12.0027
3.15135 -12.004
3.15227 -12.0054
3.15319 -12.0067
3.15411 -12.008
3.15503 -12.0093
3.15595 -12.0106
3.15687 -12.0119
3.15779 -12.0132
3.15871 -12.0145
3.15963 -12.0158
3.16055 -12.017
3.16147 -12.0183
3.16239 -12.0196
3.16331 -12.0209
3.16423 -12.0221
3.16515 -12.0234
3.16607 -12.0246
3.16699 -12.0259
3.16791 -12.0271
3.16883 -12.0284
3.16975 -12.0296
3.17067 -12.0309
3.17159 -12.0321
3.17251 -12.0333
3.17343 -12.0345
3.17435 -12.0358
3.17528 -12.037
3.1762 -12.0382
3.17712 -12.0394
3.17804 -12.0406
3.17896 -12.0418
3.17988 -12.043
3.1808 -12.0442
3.18172 -12.0454
3.18264 -12.0465
3.18356 -12.0477
3.18448 -12.0489
3.1854 -12.0501
3.18632 -12.0512
3.18724 -12.0524
3.18816 -12.0535
3.18908 -12.0547
3.19 -12.0558
3.19092 -12.057
3.19184 -12.0581
3.19276 -12.0593
3.19368 -12.0604
3.1946 -12.0615
3.19552 -12.0627
3.19644 -12.0638
3.19736 -12.0649
3.19828 -12.066
3.1992 -12.0671
3.20012 -12.0682
3.20104 -12.0694
3.20196 -12.0705
3.20288 -12.0716
3.2038 -12.0726
3.20472 -12.0737
3.20564 -12.0748
3.20656 -12.0759
3.20748 -12.077
3.2084 -12.0781
3.20932 -12.0791
3.21024 -12.0802
3.21116 -12.0813
3.21208 -12.0823
3.213 -12.0834
3.21392 -12.0844
3.21484 -12.0855
3.21576 -12.0865
3.21668 -12.0876
3.2176 -12.0886
3.21852 -12.0896
3.21944 -12.0907
3.22036 -12.0917
3.22128 -12.0927
3.2222 -12.0937
3.22312 -12.0948
3.22404 -12.0958
3.22496 -12.0968
3.22589 -12.0978
3.22681 -12.0988
3.22773 -12.0998
3.22865 -12.1008
3.22957 -12.1018
3.23049 -12.1028
3.23141 -12.1038
3.23233 -12.1047
3.23325 -12.1057
3.23417 -12.1067
3.23509 -12.1077
3.23601 -12.1086
3.23693 -12.1096
3.23785 -12.1106
3.23877 -12.1115
3.23969 -12.1125
3.24061 -12.1134
3.24153 -12.1144
3.24245 -12.1153
3.24337 -12.1163
3.24429 -12.1172
3.24521 -12.1182
3.24613 -12.1191
3.24705 -12.12
3.24797 -12.121
3.24889 -12.1219
3.24981 -12.1228
3.25073 -12.1237
3.25165 -12.1247
3.25257 -12.1256
3.25349 -12.1265
3.25441 -12.1274
3.25533 -12.1283
3.25625 -12.1292
3.25717 -12.1301
3.25809 -12.131
3.25901 -12.1319
3.25993 -12.1328
3.26085 -12.1336
3.26177 -12.1345
3.26269 -12.1354
3.26361 -12.1363
3.26453 -12.1372
3.26545 -12.138
3.26637 -12.1389
3.26729 -12.1398
3.26821 -12.1406
3.26913 -12.1415
3.27005 -12.1424
3.27097 -12.1432
3.27189 -12.1441
3.27281 -12.1449
3.27373 -12.1458
3.27465 -12.1466
3.27558 -12.1475
3.2765 -12.1483
3.27742 -12.1491
3.27834 -12.15
3.27926 -12.1508
3.28018 -12.1516
3.2811 -12.1524
3.28202 -12.1533
3.28294 -12.1541
3.28386 -12.1549
3.28478 -12.1557
3.2857 -12.1565
3.28662 -12.1573
3.28754 -12.1582
3.28846 -12.159
3.28938 -12.1598
3.2903 -12.1606
3.29122 -12.1614
3.29214 -12.1622
3.29306 -12.163
3.29398 -12.1637
3.2949 -12.1645
3.29582 -12.1653
3.29674 -12.1661
3.29766 -12.1669
3.29858 -12.1677
3.2995 -12.1684
3.30042 -12.1692
3.30134 -12.17
3.30226 -12.1708
3.30318 -12.1715
3.3041 -12.1723
3.30502 -12.1731
3.30594 -12.1738
3.30686 -12.1746
3.30778 -12.1753
3.3087 -12.1761
3.30962 -12.1768
3.31054 -12.1776
3.31146 -12.1783
3.31238 -12.1791
3.3133 -12.1798
3.31422 -12.1806
3.31514 -12.1813
3.31606 -12.1821
3.31698 -12.1828
3.3179 -12.1835
3.31882 -12.1843
3.31974 -12.185
3.32066 -12.1857
3.32158 -12.1864
3.3225 -12.1872
3.32342 -12.1879
3.32434 -12.1886
3.32527 -12.1893
3.32619 -12.19
3.32711 -12.1908
3.32803 -12.1915
3.32895 -12.1922
3.32987 -12.1929
3.33079 -12.1936
3.33171 -12.1943
3.33263 -12.195
3.33355 -12.1957
3.33447 -12.1964
3.33539 -12.1971
3.33631 -12.1978
3.33723 -12.1985
3.33815 -12.1992
3.33907 -12.1999
3.33999 -12.2006
3.34091 -12.2013
3.34183 -12.202
3.34275 -12.2027
3.34367 -12.2033
3.34459 -12.204
3.34551 -12.2047
3.34643 -12.2054
3.34735 -12.2061
3.34827 -12.2067
3.34919 -12.2074
3.35011 -12.2081
3.35103 -12.2088
3.35195 -12.2094
3.35287 -12.2101
3.35379 -12.2108
3.35471 -12.2114
3.35563 -12.2121
3.35655 -12.2128
3.35747 -12.2134
3.35839 -12.2141
3.35931 -12.2148
3.36023 -12.2154
3.36115 -12.2161
3.36207 -12.2167
3.36299 -12.2174
3.36391 -12.218
3.36483 -12.2187
3.36575 -12.2193
3.36667 -12.22
3.36759 -12.2206
3.36851 -12.2213
3.36943 -12.2219
3.37035 -12.2226
3.37127 -12.2232
3.37219 -12.2239
3.37311 -12.2245
3.37403 -12.2251
3.37495 -12.2258
3.37588 -12.2264
3.3768 -12.2271
3.37772 -12.2277
3.37864 -12.2283
3.37956 -12.229
3.38048 -12.2296
3.3814 -12.2302
3.38232 -12.2309
3.38324 -12.2315
3.38416 -12.2321
3.38508 -12.2328
3.386 -12.2334
3.38692 -12.234
3.38784 -12.2346
3.38876 -12.2353
3.38968 -12.2359
3.3906 -12.2365
3.39152 -12.2371
3.39244 -12.2378
3.39336 -12.2384
3.39428 -12.239
3.3952 -12.2396
3.39612 -12.2402
3.39704 -12.2409
3.39796 -12.2415
3.39888 -12.2421
3.3998 -12.2427
3.40072 -12.2433
3.40164 -12.244
3.40256 -12.2446
3.40348 -12.2452
3.4044 -12.2458
3.40532 -12.2464
3.40624 -12.247
3.40716 -12.2476
3.40808 -12.2482
3.409 -12.2489
3.40992 -12.2495
3.41084 -12.2501
3.41176 -12.2507
3.41268 -12.2513
3.4136 -12.2519
3.41452 -12.2525
3.41544 -12.2531
3.41636 -12.2537
3.41728 -12.2543
3.4182 -12.2549
3.41912 -12.2555
3.42004 -12.2562
3.42096 -12.2568
3.42188 -12.2574
3.4228 -12.258
3.42372 -12.2586
3.42464 -12.2592
3.42557 -12.2598
3.42649 -12.2604
3.42741 -12.261
3.42833 -12.2616
3.42925 -12.2622
3.43017 -12.2628
3.43109 -12.2634
3.43201 -12.264
3.43293 -12.2646
3.43385 -12.2652
3.43477 -12.2658
3.43569 -12.2664
3.43661 -12.267
3.43753 -12.2676
3.43845 -12.2682
3.43937 -12.2688
3.44029 -12.2694
3.44121 -12.27
3.44213 -12.2706
3.44305 -12.2712
3.44397 -12.2718
3.44489 -12.2724
3.44581 -12.273
3.44673 -12.2736
3.44765 -12.2742
3.44857 -12.2748
3.44949 -12.2754
3.45041 -12.276
3.45133 -12.2767
3.45225 -12.2773
3.45317 -12.2779
3.45409 -12.2785
3.45501 -12.2791
3.45593 -12.2797
3.45685 -12.2803
3.45777 -12.2809
3.45869 -12.2815
3.45961 -12.2821
3.46053 -12.2827
3.46145 -12.2833
3.46237 -12.2839
3.46329 -12.2845
3.46421 -12.2851
3.46513 -12.2857
3.46605 -12.2863
3.46697 -12.2869
3.46789 -12.2875
3.46881 -12.2881
3.46973 -12.2887
3.47065 -12.2893
3.47157 -12.29
3.47249 -12.2906
3.47341 -12.2912
3.47433 -12.2918
3.47526 -12.2924
3.47618 -12.293
3.4771 -12.2936
3.47802 -12.2942
3.47894 -12.2948
3.47986 -12.2955
3.48078 -12.2961
3.4817 -12.2967
3.48262 -12.2973
3.48354 -12.2979
3.48446 -12.2985
3.48538 -12.2991
3.4863 -12.2998
3.48722 -12.3004
3.48814 -12.301
3.48906 -12.3016
3.48998 -12.3022
3.4909 -12.3028
3.49182 -12.3035
3.49274 -12.3041
3.49366 -12.3047
3.49458 -12.3053
3.4955 -12.3059
3.49642 -12.3066
3.49734 -12.3072
3.49826 -12.3078
3.49918 -12.3084
3.5001 -12.3091
3.50102 -12.3097
3.50194 -12.3103
3.50286 -12.311
3.50378 -12.3116
3.5047 -12.3122
3.50562 -12.3128
3.50654 -12.3135
3.50746 -12.3141
3.50838 -12.3147
3.5093 -12.3154
3.51022 -12.316
3.51114 -12.3167
3.51206 -12.3173
3.51298 -12.3179
3.5139 -12.3186
3.51482 -12.3192
3.51574 -12.3199
3.51666 -12.3205
3.51758 -12.3211
3.5185 -12.3218
3.51942 -12.3224
3.52034 -12.3231
3.52126 -12.3237
3.52218 -12.3244
3.5231 -12.325
3.52402 -12.3257
3.52494 -12.3263
3.52587 -12.327
3.52679 -12.3276
3.52771 -12.3283
3.52863 -12.3289
3.52955 -12.3296
3.53047 -12.3303
3.53139 -12.3309
3.53231 -12.3316
3.53323 -12.3322
3.53415 -12.3329
3.53507 -12.3336
3.53599 -12.3342
3.53691 -12.3349
3.53783 -12.3356
3.53875 -12.3362
3.53967 -12.3369
3.54059 -12.3376
3.54151 -12.3382
3.54243 -12.3389
3.54335 -12.3396
3.54427 -12.3403
3.54519 -12.3409
3.54611 -12.3416
3.54703 -12.3423
3.54795 -12.343
3.54887 -12.3437
3.54979 -12.3444
3.55071 -12.345
3.55163 -12.3457
3.55255 -12.3464
3.55347 -12.3471
3.55439 -12.3478
3.55531 -12.3485
3.55623 -12.3492
3.55715 -12.3499
3.55807 -12.3506
3.55899 -12.3513
3.55991 -12.352
3.56083 -12.3527
3.56175 -12.3534
3.56267 -12.3541
3.56359 -12.3548
3.56451 -12.3555
3.56543 -12.3562
3.56635 -12.3569
3.56727 -12.3576
3.56819 -12.3583
3.56911 -12.359
3.57003 -12.3598
3.57095 -12.3605
3.57187 -12.3612
3.57279 -12.3619
3.57371 -12.3626
3.57463 -12.3634
3.57556 -12.3641
3.57648 -12.3648
3.5774 -12.3655
3.57832 -12.3663
3.57924 -12.367
3.58016 -12.3677
3.58108 -12.3685
3.582 -12.3692
3.58292 -12.3699
3.58384 -12.3707
3.58476 -12.3714
3.58568 -12.3722
3.5866 -12.3729
3.58752 -12.3737
3.58844 -12.3744
3.58936 -12.3752
3.59028 -12.3759
3.5912 -12.3767
3.59212 -12.3774
3.59304 -12.3782
3.59396 -12.3789
3.59488 -12.3797
3.5958 -12.3805
3.59672 -12.3812
3.59764 -12.382
3.59856 -12.3828
3.59948 -12.3835
3.6004 -12.3843
3.60132 -12.3851
3.60224 -12.3858
3.60316 -12.3866
3.60408 -12.3874
3.605 -12.3882
3.60592 -12.389
3.60684 -12.3897
3.60776 -12.3905
3.60868 -12.3913
3.6096 -12.3921
3.61052 -12.3929
3.61144 -12.3937
3.61236 -12.3945
3.61328 -12.3953
3.6142 -12.3961
3.61512 -12.3969
3.61604 -12.3977
3.61696 -12.3985
3.61788 -12.3993
3.6188 -12.4001
3.61972 -12.4009
3.62064 -12.4017
3.62156 -12.4025
3.62248 -12.4034
3.6234 -12.4042
3.62432 -12.405
3.62525 -12.4058
3.62617 -12.4067
3.62709 -12.4075
3.62801 -12.4083
3.62893 -12.4091
3.62985 -12.41
3.63077 -12.4108
3.63169 -12.4116
3.63261 -12.4125
3.63353 -12.4133
3.63445 -12.4142
3.63537 -12.415
3.63629 -12.4159
3.63721 -12.4167
3.63813 -12.4176
3.63905 -12.4184
3.63997 -12.4193
3.64089 -12.4201
3.64181 -12.421
3.64273 -12.4218
3.64365 -12.4227
3.64457 -12.4236
3.64549 -12.4244
3.64641 -12.4253
3.64733 -12.4262
3.64825 -12.4271
3.64917 -12.4279
3.65009 -12.4288
3.65101 -12.4297
3.65193 -12.4306
3.65285 -12.4315
3.65377 -12.4323
3.65469 -12.4332
3.65561 -12.4341
3.65653 -12.435
3.65745 -12.4359
3.65837 -12.4368
3.65929 -12.4377
3.66021 -12.4386
3.66113 -12.4395
3.66205 -12.4404
3.66297 -12.4413
3.66389 -12.4422
3.66481 -12.4432
3.66573 -12.4441
3.66665 -12.445
3.66757 -12.4459
3.66849 -12.4468
3.66941 -12.4478
3.67033 -12.4487
3.67125 -12.4496
3.67217 -12.4505
3.67309 -12.4515
3.67401 -12.4524
3.67493 -12.4534
3.67586 -12.4543
3.67678 -12.4552
3.6777 -12.4562
3.67862 -12.4571
3.67954 -12.4581
3.68046 -12.459
3.68138 -12.46
3.6823 -12.4609
3.68322 -12.4619
3.68414 -12.4629
3.68506 -12.4638
3.68598 -12.4648
3.6869 -12.4658
3.68782 -12.4667
3.68874 -12.4677
3.68966 -12.4687
3.69058 -12.4697
3.6915 -12.4706
3.69242 -12.4716
3.69334 -12.4726
3.69426 -12.4736
3.69518 -12.4746
3.6961 -12.4756
3.69702 -12.4766
3.69794 -12.4776
3.69886 -12.4786
3.69978 -12.4796
3.7007 -12.4806
3.70162 -12.4816
3.70254 -12.4826
3.70346 -12.4836
3.70438 -12.4846
3.7053 -12.4856
3.70622 -12.4866
3.70714 -12.4876
3.70806 -12.4887
3.70898 -12.4897
3.7099 -12.4907
3.71082 -12.4917
3.71174 -12.4928
3.71266 -12.4938
3.71358 -12.4949
3.7145 -12.4959
3.71542 -12.4969
3.71634 -12.498
3.71726 -12.499
3.71818 -12.5001
3.7191 -12.5011
3.72002 -12.5022
3.72094 -12.5032
3.72186 -12.5043
3.72278 -12.5054
3.7237 -12.5064
3.72462 -12.5075
3.72555 -12.5085
3.72647 -12.5096
3.72739 -12.5107
3.72831 -12.5118
3.72923 -12.5128
3.73015 -12.5139
3.73107 -12.515
3.73199 -12.5161
3.73291 -12.5172
3.73383 -12.5183
3.73475 -12.5194
3.73567 -12.5205
3.73659 -12.5216
3.73751 -12.5227
3.73843 -12.5238
3.73935 -12.5249
3.74027 -12.526
3.74119 -12.5271
3.74211 -12.5282
3.74303 -12.5293
3.74395 -12.5304
3.74487 -12.5316
3.74579 -12.5327
3.74671 -12.5338
3.74763 -12.5349
3.74855 -12.5361
3.74947 -12.5372
3.75039 -12.5383
3.75131 -12.5395
3.75223 -12.5406
3.75315 -12.5417
3.75407 -12.5429
3.75499 -12.544
3.75591 -12.5452
3.75683 -12.5463
3.75775 -12.5475
3.75867 -12.5487
3.75959 -12.5498
3.76051 -12.551
3.76143 -12.5521
3.76235 -12.5533
3.76327 -12.5545
3.76419 -12.5556
3.76511 -12.5568
3.76603 -12.558
3.76695 -12.5592
3.76787 -12.5604
3.76879 -12.5615
3.76971 -12.5627
3.77063 -12.5639
3.77155 -12.5651
3.77247 -12.5663
3.77339 -12.5675
3.77431 -12.5687
3.77524 -12.5699
3.77616 -12.5711
3.77708 -12.5723
3.778 -12.5735
3.77892 -12.5747
3.77984 -12.576
3.78076 -12.5772
3.78168 -12.5784
3.7826 -12.5796
3.78352 -12.5808
3.78444 -12.5821
3.78536 -12.5833
3.78628 -12.5845
3.7872 -12.5858
3.78812 -12.587
3.78904 -12.5883
3.78996 -12.5895
3.79088 -12.5907
3.7918 -12.592
3.79272 -12.5932
3.79364 -12.5945
3.79456 -12.5957
3.79548 -12.597
3.7964 -12.5983
3.79732 -12.5995
3.79824 -12.6008
3.79916 -12.6021
3.80008 -12.6033
3.801 -12.6046
3.80192 -12.6059
3.80284 -12.6072
3.80376 -12.6084
3.80468 -12.6097
3.8056 -12.611
3.80652 -12.6123
3.80744 -12.6136
3.80836 -12.6149
3.80928 -12.6162
3.8102 -12.6175
3.81112 -12.6188
3.81204 -12.6201
3.81296 -12.6214
3.81388 -12.6227
3.8148 -12.624
3.81572 -12.6253
3.81664 -12.6266
3.81756 -12.6279
3.81848 -12.6293
3.8194 -12.6306
3.82032 -12.6319
3.82124 -12.6332
3.82216 -12.6346
3.82308 -12.6359
3.824 -12.6372
3.82492 -12.6386
3.82585 -12.6399
3.82677 -12.6413
3.82769 -12.6426
3.82861 -12.6439
3.82953 -12.6453
3.83045 -12.6466
3.83137 -12.648
3.83229 -12.6494
3.83321 -12.6507
3.83413 -12.6521
3.83505 -12.6534
3.83597 -12.6548
3.83689 -12.6562
3.83781 -12.6576
3.83873 -12.6589
3.83965 -12.6603
3.84057 -12.6617
3.84149 -12.6631
3.84241 -12.6644
3.84333 -12.6658
3.84425 -12.6672
3.84517 -12.6686
3.84609 -12.67
3.84701 -12.6714
3.84793 -12.6728
3.84885 -12.6742
3.84977 -12.6756
3.85069 -12.677
3.85161 -12.6784
3.85253 -12.6798
3.85345 -12.6812
3.85437 -12.6827
3.85529 -12.6841
3.85621 -12.6855
3.85713 -12.6869
3.85805 -12.6883
3.85897 -12.6898
3.85989 -12.6912
3.86081 -12.6926
3.86173 -12.6941
3.86265 -12.6955
3.86357 -12.6969
3.86449 -12.6984
3.86541 -12.6998
3.86633 -12.7013
3.86725 -12.7027
3.86817 -12.7042
3.86909 -12.7056
3.87001 -12.7071
3.87093 -12.7085
3.87185 -12.71
3.87277 -12.7115
3.87369 -12.7129
3.87461 -12.7144
3.87554 -12.7159
3.87646 -12.7174
3.87738 -12.7188
3.8783 -12.7203
3.87922 -12.7218
3.88014 -12.7233
3.88106 -12.7247
3.88198 -12.7262
3.8829 -12.7277
3.88382 -12.7292
3.88474 -12.7307
3.88566 -12.7322
3.88658 -12.7337
3.8875 -12.7352
3.88842 -12.7367
3.88934 -12.7382
3.89026 -12.7397
3.89118 -12.7412
3.8921 -12.7427
3.89302 -12.7443
3.89394 -12.7458
3.89486 -12.7473
3.89578 -12.7488
3.8967 -12.7503
3.89762 -12.7519
3.89854 -12.7534
3.89946 -12.7549
3.90038 -12.7565
3.9013 -12.758
3.90222 -12.7595
3.90314 -12.7611
3.90406 -12.7626
3.90498 -12.7641
3.9059 -12.7657
3.90682 -12.7672
3.90774 -12.7688
3.90866 -12.7703
3.90958 -12.7719
3.9105 -12.7735
3.91142 -12.775
3.91234 -12.7766
3.91326 -12.7781
3.91418 -12.7797
3.9151 -12.7813
3.91602 -12.7828
3.91694 -12.7844
3.91786 -12.786
3.91878 -12.7876
3.9197 -12.7891
3.92062 -12.7907
3.92154 -12.7923
3.92246 -12.7939
3.92338 -12.7955
3.9243 -12.7971
3.92523 -12.7987
3.92615 -12.8003
3.92707 -12.8019
3.92799 -12.8034
3.92891 -12.805
3.92983 -12.8067
3.93075 -12.8083
3.93167 -12.8099
3.93259 -12.8115
3.93351 -12.8131
3.93443 -12.8147
3.93535 -12.8163
3.93627 -12.8179
3.93719 -12.8195
3.93811 -12.8212
3.93903 -12.8228
3.93995 -12.8244
3.94087 -12.826
3.94179 -12.8277
3.94271 -12.8293
3.94363 -12.8309
3.94455 -12.8326
3.94547 -12.8342
3.94639 -12.8359
3.94731 -12.8375
3.94823 -12.8391
3.94915 -12.8408
3.95007 -12.8424
3.95099 -12.8441
3.95191 -12.8457
3.95283 -12.8474
3.95375 -12.849
3.95467 -12.8507
3.95559 -12.8524
3.95651 -12.854
3.95743 -12.8557
3.95835 -12.8574
3.95927 -12.859
3.96019 -12.8607
3.96111 -12.8624
3.96203 -12.864
3.96295 -12.8657
3.96387 -12.8674
3.96479 -12.8691
3.96571 -12.8707
3.96663 -12.8724
3.96755 -12.8741
3.96847 -12.8758
3.96939 -12.8775
3.97031 -12.8792
3.97123 -12.8809
3.97215 -12.8826
3.97307 -12.8843
3.97399 -12.886
3.97491 -12.8877
3.97584 -12.8894
3.97676 -12.8911
3.97768 -12.8928
3.9786 -12.8945
3.97952 -12.8962
3.98044 -12.8979
3.98136 -12.8996
3.98228 -12.9013
3.9832 -12.903
3.98412 -12.9048
3.98504 -12.9065
3.98596 -12.9082
3.98688 -12.9099
3.9878 -12.9117
3.98872 -12.9134
3.98964 -12.9151
3.99056 -12.9168
3.99148 -12.9186
3.9924 -12.9203
3.99332 -12.9221
3.99424 -12.9238
3.99516 -12.9255
3.99608 -12.9273
3.997 -12.929
3.99792 -12.9308
3.99884 -12.9325
3.99976 -12.9343
4.00068 -12.936
4.0016 -12.9378
4.00252 -12.9395
4.00344 -12.9413
4.00436 -12.943
4.00528 -12.9448
4.0062 -12.9465
4.00712 -12.9483
4.00804 -12.9501
4.00896 -12.9518
4.00988 -12.9536
4.0108 -12.9554
4.01172 -12.9571
4.01264 -12.9589
4.01356 -12.9607
4.01448 -12.9625
4.0154 -12.9642
4.01632 -12.966
4.01724 -12.9678
4.01816 -12.9696
4.01908 -12.9714
4.02 -12.9731
4.02092 -12.9749
4.02184 -12.9767
4.02276 -12.9785
4.02368 -12.9803
4.0246 -12.9821
4.02553 -12.9839
4.02645 -12.9857
4.02737 -12.9875
4.02829 -12.9893
4.02921 -12.9911
4.03013 -12.9929
4.03105 -12.9947
4.03197 -12.9965
4.03289 -12.9983
4.03381 -13.0001
4.03473 -13.0019
4.03565 -13.0037
4.03657 -13.0055
4.03749 -13.0073
4.03841 -13.0092
4.03933 -13.011
4.04025 -13.0128
4.04117 -13.0146
4.04209 -13.0164
4.04301 -13.0183
4.04393 -13.0201
4.04485 -13.0219
4.04577 -13.0237
4.04669 -13.0256
4.04761 -13.0274
4.04853 -13.0292
4.04945 -13.0311
4.05037 -13.0329
4.05129 -13.0347
4.05221 -13.0366
4.05313 -13.0384
4.05405 -13.0402
4.05497 -13.0421
4.05589 -13.0439
4.05681 -13.0458
4.05773 -13.0476
4.05865 -13.0494
4.05957 -13.0513
4.06049 -13.0531
4.06141 -13.055
4.06233 -13.0568
4.06325 -13.0587
4.06417 -13.0605
4.06509 -13.0624
4.06601 -13.0643
4.06693 -13.0661
4.06785 -13.068
4.06877 -13.0698
4.06969 -13.0717
4.07061 -13.0736
4.07153 -13.0754
4.07245 -13.0773
4.07337 -13.0791
4.07429 -13.081
4.07522 -13.0829
4.07614 -13.0847
4.07706 -13.0866
4.07798 -13.0885
4.0789 -13.0904
4.07982 -13.0922
4.08074 -13.0941
4.08166 -13.096
4.08258 -13.0979
4.0835 -13.0997
4.08442 -13.1016
4.08534 -13.1035
4.08626 -13.1054
4.08718 -13.1073
4.0881 -13.1091
4.08902 -13.111
4.08994 -13.1129
4.09086 -13.1148
4.09178 -13.1167
4.0927 -13.1186
4.09362 -13.1205
4.09454 -13.1224
4.09546 -13.1242
4.09638 -13.1261
4.0973 -13.128
4.09822 -13.1299
4.09914 -13.1318
4.10006 -13.1337
4.10098 -13.1356
4.1019 -13.1375
4.10282 -13.1394
4.10374 -13.1413
4.10466 -13.1432
4.10558 -13.1451
4.1065 -13.147
4.10742 -13.1489
4.10834 -13.1508
4.10926 -13.1527
4.11018 -13.1546
4.1111 -13.1566
4.11202 -13.1585
4.11294 -13.1604
4.11386 -13.1623
4.11478 -13.1642
4.1157 -13.1661
4.11662 -13.168
4.11754 -13.1699
4.11846 -13.1718
4.11938 -13.1738
4.1203 -13.1757
4.12122 -13.1776
4.12214 -13.1795
4.12306 -13.1814
4.12398 -13.1834
4.1249 -13.1853
4.12583 -13.1872
4.12675 -13.1891
4.12767 -13.191
4.12859 -13.193
4.12951 -13.1949
4.13043 -13.1968
4.13135 -13.1987
4.13227 -13.2007
4.13319 -13.2026
4.13411 -13.2045
4.13503 -13.2064
4.13595 -13.2084
4.13687 -13.2103
4.13779 -13.2122
4.13871 -13.2142
4.13963 -13.2161
4.14055 -13.218
4.14147 -13.22
4.14239 -13.2219
4.14331 -13.2238
4.14423 -13.2258
4.14515 -13.2277
4.14607 -13.2296
4.14699 -13.2316
4.14791 -13.2335
4.14883 -13.2355
4.14975 -13.2374
4.15067 -13.2393
4.15159 -13.2413
4.15251 -13.2432
4.15343 -13.2452
4.15435 -13.2471
4.15527 -13.249
4.15619 -13.251
4.15711 -13.2529
4.15803 -13.2549
4.15895 -13.2568
4.15987 -13.2588
4.16079 -13.2607
4.16171 -13.2627
4.16263 -13.2646
4.16355 -13.2665
4.16447 -13.2685
4.16539 -13.2704
4.16631 -13.2724
4.16723 -13.2743
4.16815 -13.2763
4.16907 -13.2782
4.16999 -13.2802
4.17091 -13.2821
4.17183 -13.2841
4.17275 -13.286
4.17367 -13.288
4.17459 -13.2899
4.17552 -13.2919
4.17644 -13.2938
4.17736 -13.2958
4.17828 -13.2978
4.1792 -13.2997
4.18012 -13.3017
4.18104 -13.3036
4.18196 -13.3056
4.18288 -13.3075
4.1838 -13.3095
4.18472 -13.3114
4.18564 -13.3134
4.18656 -13.3154
4.18748 -13.3173
4.1884 -13.3193
4.18932 -13.3212
4.19024 -13.3232
4.19116 -13.3251
4.19208 -13.3271
4.193 -13.3291
4.19392 -13.331
4.19484 -13.333
4.19576 -13.3349
4.19668 -13.3369
4.1976 -13.3389
4.19852 -13.3408
4.19944 -13.3428
4.20036 -13.3447
4.20128 -13.3467
4.2022 -13.3487
4.20312 -13.3506
4.20404 -13.3526
4.20496 -13.3545
4.20588 -13.3565
4.2068 -13.3585
4.20772 -13.3604
4.20864 -13.3624
4.20956 -13.3643
4.21048 -13.3663
4.2114 -13.3683
4.21232 -13.3702
4.21324 -13.3722
4.21416 -13.3741
4.21508 -13.3761
4.216 -13.3781
4.21692 -13.38
4.21784 -13.382
4.21876 -13.384
4.21968 -13.3859
4.2206 -13.3879
4.22152 -13.3898
4.22244 -13.3918
4.22336 -13.3938
4.22428 -13.3957
4.22521 -13.3977
4.22613 -13.3997
4.22705 -13.4016
4.22797 -13.4036
4.22889 -13.4055
4.22981 -13.4075
4.23073 -13.4095
4.23165 -13.4114
4.23257 -13.4134
4.23349 -13.4154
4.23441 -13.4173
4.23533 -13.4193
4.23625 -13.4212
4.23717 -13.4232
4.23809 -13.4252
4.23901 -13.4271
4.23993 -13.4291
4.24085 -13.4311
4.24177 -13.433
4.24269 -13.435
4.24361 -13.4369
4.24453 -13.4389
4.24545 -13.4409
4.24637 -13.4428
4.24729 -13.4448
4.24821 -13.4467
4.24913 -13.4487
4.25005 -13.4507
4.25097 -13.4526
4.25189 -13.4546
4.25281 -13.4565
4.25373 -13.4585
4.25465 -13.4605
4.25557 -13.4624
4.25649 -13.4644
4.25741 -13.4663
4.25833 -13.4683
4.25925 -13.4702
4.26017 -13.4722
4.26109 -13.4742
4.26201 -13.4761
4.26293 -13.4781
4.26385 -13.48
4.26477 -13.482
4.26569 -13.4839
4.26661 -13.4859
4.26753 -13.4878
4.26845 -13.4898
4.26937 -13.4918
4.27029 -13.4937
4.27121 -13.4957
4.27213 -13.4976
4.27305 -13.4996
4.27397 -13.5015
4.27489 -13.5035
4.27582 -13.5054
4.27674 -13.5074
4.27766 -13.5093
4.27858 -13.5113
4.2795 -13.5132
4.28042 -13.5152
4.28134 -13.5171
4.28226 -13.5191
4.28318 -13.521
4.2841 -13.523
4.28502 -13.5249
4.28594 -13.5269
4.28686 -13.5288
4.28778 -13.5308
4.2887 -13.5327
4.28962 -13.5346
4.29054 -13.5366
4.29146 -13.5385
4.29238 -13.5405
4.2933 -13.5424
4.29422 -13.5444
4.29514 -13.5463
4.29606 -13.5483
4.29698 -13.5502
4.2979 -13.5521
4.29882 -13.5541
4.29974 -13.556
4.30066 -13.558
4.30158 -13.5599
4.3025 -13.5618
4.30342 -13.5638
4.30434 -13.5657
4.30526 -13.5676
4.30618 -13.5696
4.3071 -13.5715
4.30802 -13.5734
4.30894 -13.5754
4.30986 -13.5773
4.31078 -13.5792
4.3117 -13.5812
4.31262 -13.5831
4.31354 -13.585
4.31446 -13.587
4.31538 -13.5889
4.3163 -13.5908
4.31722 -13.5928
4.31814 -13.5947
4.31906 -13.5966
4.31998 -13.5985
4.3209 -13.6005
4.32182 -13.6024
4.32274 -13.6043
4.32366 -13.6062
4.32458 -13.6082
4.32551 -13.6101
4.32643 -13.612
4.32735 -13.6139
4.32827 -13.6158
4.32919 -13.6178
4.33011 -13.6197
4.33103 -13.6216
4.33195 -13.6235
4.33287 -13.6254
4.33379 -13.6274
4.33471 -13.6293
4.33563 -13.6312
4.33655 -13.6331
4.33747 -13.635
4.33839 -13.6369
4.33931 -13.6388
4.34023 -13.6407
4.34115 -13.6427
4.34207 -13.6446
4.34299 -13.6465
4.34391 -13.6484
4.34483 -13.6503
4.34575 -13.6522
4.34667 -13.6541
4.34759 -13.656
4.34851 -13.6579
4.34943 -13.6598
4.35035 -13.6617
4.35127 -13.6636
4.35219 -13.6655
4.35311 -13.6674
4.35403 -13.6693
4.35495 -13.6712
4.35587 -13.6731
4.35679 -13.675
4.35771 -13.6769
4.35863 -13.6788
4.35955 -13.6807
4.36047 -13.6826
4.36139 -13.6844
4.36231 -13.6863
4.36323 -13.6882
4.36415 -13.6901
4.36507 -13.692
4.36599 -13.6939
4.36691 -13.6958
4.36783 -13.6977
4.36875 -13.6995
4.36967 -13.7014
4.37059 -13.7033
4.37151 -13.7052
4.37243 -13.7071
4.37335 -13.7089
4.37427 -13.7108
4.3752 -13.7127
4.37612 -13.7146
4.37704 -13.7164
4.37796 -13.7183
4.37888 -13.7202
4.3798 -13.7221
4.38072 -13.7239
4.38164 -13.7258
4.38256 -13.7277
4.38348 -13.7295
4.3844 -13.7314
4.38532 -13.7333
4.38624 -13.7351
4.38716 -13.737
4.38808 -13.7389
4.389 -13.7407
4.38992 -13.7426
4.39084 -13.7445
4.39176 -13.7463
4.39268 -13.7482
4.3936 -13.75
4.39452 -13.7519
4.39544 -13.7537
4.39636 -13.7556
4.39728 -13.7574
4.3982 -13.7593
4.39912 -13.7611
4.40004 -13.763
4.40096 -13.7648
4.40188 -13.7667
4.4028 -13.7685
4.40372 -13.7704
4.40464 -13.7722
4.40556 -13.7741
4.40648 -13.7759
4.4074 -13.7777
4.40832 -13.7796
4.40924 -13.7814
4.41016 -13.7833
4.41108 -13.7851
4.412 -13.7869
4.41292 -13.7888
4.41384 -13.7906
4.41476 -13.7924
4.41568 -13.7942
4.4166 -13.7961
4.41752 -13.7979
4.41844 -13.7997
4.41936 -13.8016
4.42028 -13.8034
4.4212 -13.8052
4.42212 -13.807
4.42304 -13.8088
4.42396 -13.8107
4.42488 -13.8125
4.42581 -13.8143
4.42673 -13.8161
4.42765 -13.8179
4.42857 -13.8197
4.42949 -13.8216
4.43041 -13.8234
4.43133 -13.8252
4.43225 -13.827
4.43317 -13.8288
4.43409 -13.8306
4.43501 -13.8324
4.43593 -13.8342
4.43685 -13.836
4.43777 -13.8378
4.43869 -13.8396
4.43961 -13.8414
4.44053 -13.8432
4.44145 -13.845
4.44237 -13.8468
4.44329 -13.8486
4.44421 -13.8504
4.44513 -13.8522
4.44605 -13.854
4.44697 -13.8558
4.44789 -13.8575
4.44881 -13.8593
4.44973 -13.8611
4.45065 -13.8629
4.45157 -13.8647
4.45249 -13.8665
4.45341 -13.8682
4.45433 -13.87
4.45525 -13.8718
4.45617 -13.8736
4.45709 -13.8753
4.45801 -13.8771
4.45893 -13.8789
4.45985 -13.8807
4.46077 -13.8824
4.46169 -13.8842
4.46261 -13.886
4.46353 -13.8877
4.46445 -13.8895
4.46537 -13.8913
4.46629 -13.893
4.46721 -13.8948
4.46813 -13.8965
4.46905 -13.8983
4.46997 -13.9001
4.47089 -13.9018
4.47181 -13.9036
4.47273 -13.9053
4.47365 -13.9071
4.47457 -13.9088
4.4755 -13.9106
4.47642 -13.9123
4.47734 -13.9141
4.47826 -13.9158
4.47918 -13.9176
4.4801 -13.9193
4.48102 -13.921
4.48194 -13.9228
4.48286 -13.9245
4.48378 -13.9262
4.4847 -13.928
4.48562 -13.9297
4.48654 -13.9315
4.48746 -13.9332
4.48838 -13.9349
4.4893 -13.9366
4.49022 -13.9384
4.49114 -13.9401
4.49206 -13.9418
4.49298 -13.9435
4.4939 -13.9453
4.49482 -13.947
4.49574 -13.9487
4.49666 -13.9504
4.49758 -13.9521
4.4985 -13.9539
4.49942 -13.9556
4.50034 -13.9573
4.50126 -13.959
4.50218 -13.9607
4.5031 -13.9624
4.50402 -13.9641
4.50494 -13.9658
4.50586 -13.9675
4.50678 -13.9692
4.5077 -13.9709
4.50862 -13.9726
4.50954 -13.9743
4.51046 -13.976
4.51138 -13.9777
4.5123 -13.9794
4.51322 -13.9811
4.51414 -13.9828
4.51506 -13.9845
4.51598 -13.9862
4.5169 -13.9879
4.51782 -13.9896
4.51874 -13.9912
4.51966 -13.9929
4.52058 -13.9946
4.5215 -13.9963
4.52242 -13.998
4.52334 -13.9996
4.52426 -14.0013
4.52519 -14.003
4.52611 -14.0047
4.52703 -14.0063
4.52795 -14.008
4.52887 -14.0097
4.52979 -14.0113
4.53071 -14.013
4.53163 -14.0147
4.53255 -14.0163
4.53347 -14.018
4.53439 -14.0197
4.53531 -14.0213
4.53623 -14.023
4.53715 -14.0246
4.53807 -14.0263
4.53899 -14.028
4.53991 -14.0296
4.54083 -14.0313
4.54175 -14.0329
4.54267 -14.0346
4.54359 -14.0362
4.54451 -14.0378
4.54543 -14.0395
4.54635 -14.0411
4.54727 -14.0428
4.54819 -14.0444
4.54911 -14.0461
4.55003 -14.0477
4.55095 -14.0493
4.55187 -14.051
4.55279 -14.0526
4.55371 -14.0542
4.55463 -14.0559
4.55555 -14.0575
4.55647 -14.0591
4.55739 -14.0607
4.55831 -14.0624
4.55923 -14.064
4.56015 -14.0656
4.56107 -14.0672
4.56199 -14.0689
4.56291 -14.0705
4.56383 -14.0721
4.56475 -14.0737
4.56567 -14.0753
4.56659 -14.0769
4.56751 -14.0785
4.56843 -14.0801
4.56935 -14.0818
4.57027 -14.0834
4.57119 -14.085
4.57211 -14.0866
4.57303 -14.0882
4.57395 -14.0898
4.57487 -14.0914
4.5758 -14.093
4.57672 -14.0946
4.57764 -14.0962
4.57856 -14.0978
4.57948 -14.0994
4.5804 -14.1009
4.58132 -14.1025
4.58224 -14.1041
4.58316 -14.1057
4.58408 -14.1073
4.585 -14.1089
4.58592 -14.1105
4.58684 -14.112
4.58776 -14.1136
4.58868 -14.1152
4.5896 -14.1168
4.59052 -14.1184
4.59144 -14.1199
4.59236 -14.1215
4.59328 -14.1231
4.5942 -14.1247
4.59512 -14.1262
4.59604 -14.1278
4.59696 -14.1294
4.59788 -14.1309
4.5988 -14.1325
4.59972 -14.134
4.60064 -14.1356
4.60156 -14.1372
4.60248 -14.1387
4.6034 -14.1403
4.60432 -14.1418
4.60524 -14.1434
4.60616 -14.145
4.60708 -14.1465
4.608 -14.1481
4.60892 -14.1496
4.60984 -14.1512
4.61076 -14.1527
4.61168 -14.1542
4.6126 -14.1558
4.61352 -14.1573
4.61444 -14.1589
4.61536 -14.1604
4.61628 -14.1619
4.6172 -14.1635
4.61812 -14.165
4.61904 -14.1666
4.61996 -14.1681
4.62088 -14.1696
4.6218 -14.1712
4.62272 -14.1727
4.62364 -14.1742
4.62456 -14.1757
4.62549 -14.1773
4.62641 -14.1788
4.62733 -14.1803
4.62825 -14.1818
4.62917 -14.1834
4.63009 -14.1849
4.63101 -14.1864
4.63193 -14.1879
4.63285 -14.1894
4.63377 -14.1909
4.63469 -14.1924
4.63561 -14.194
4.63653 -14.1955
4.63745 -14.197
4.63837 -14.1985
4.63929 -14.2
4.64021 -14.2015
4.64113 -14.203
4.64205 -14.2045
4.64297 -14.206
4.64389 -14.2075
4.64481 -14.209
4.64573 -14.2105
4.64665 -14.212
4.64757 -14.2135
4.64849 -14.215
4.64941 -14.2165
4.65033 -14.218
4.65125 -14.2194
4.65217 -14.2209
4.65309 -14.2224
4.65401 -14.2239
4.65493 -14.2254
4.65585 -14.2269
4.65677 -14.2284
4.65769 -14.2298
4.65861 -14.2313
4.65953 -14.2328
4.66045 -14.2343
4.66137 -14.2358
4.66229 -14.2372
4.66321 -14.2387
4.66413 -14.2402
4.66505 -14.2416
4.66597 -14.2431
4.66689 -14.2446
4.66781 -14.2461
4.66873 -14.2475
4.66965 -14.249
4.67057 -14.2504
4.67149 -14.2519
4.67241 -14.2534
4.67333 -14.2548
4.67425 -14.2563
4.67518 -14.2577
4.6761 -14.2592
4.67702 -14.2607
4.67794 -14.2621
4.67886 -14.2636
4.67978 -14.265
4.6807 -14.2665
4.68162 -14.2679
4.68254 -14.2694
4.68346 -14.2708
4.68438 -14.2723
4.6853 -14.2737
4.68622 -14.2752
4.68714 -14.2766
4.68806 -14.278
4.68898 -14.2795
4.6899 -14.2809
4.69082 -14.2824
4.69174 -14.2838
4.69266 -14.2852
4.69358 -14.2867
4.6945 -14.2881
4.69542 -14.2895
4.69634 -14.291
4.69726 -14.2924
4.69818 -14.2938
4.6991 -14.2953
4.70002 -14.2967
4.70094 -14.2981
4.70186 -14.2995
4.70278 -14.301
4.7037 -14.3024
4.70462 -14.3038
4.70554 -14.3052
4.70646 -14.3066
4.70738 -14.3081
4.7083 -14.3095
4.70922 -14.3109
4.71014 -14.3123
4.71106 -14.3137
4.71198 -14.3151
4.7129 -14.3166
4.71382 -14.318
4.71474 -14.3194
4.71566 -14.3208
4.71658 -14.3222
4.7175 -14.3236
4.71842 -14.325
4.71934 -14.3264
4.72026 -14.3278
4.72118 -14.3292
4.7221 -14.3306
4.72302 -14.332
4.72394 -14.3334
4.72486 -14.3348
4.72579 -14.3362
4.72671 -14.3376
4.72763 -14.339
4.72855 -14.3404
4.72947 -14.3418
4.73039 -14.3432
4.73131 -14.3446
4.73223 -14.346
4.73315 -14.3474
4.73407 -14.3488
4.73499 -14.3502
4.73591 -14.3515
4.73683 -14.3529
4.73775 -14.3543
4.73867 -14.3557
4.73959 -14.3571
4.74051 -14.3585
4.74143 -14.3598
4.74235 -14.3612
4.74327 -14.3626
4.74419 -14.364
4.74511 -14.3654
4.74603 -14.3667
4.74695 -14.3681
4.74787 -14.3695
4.74879 -14.3709
4.74971 -14.3722
4.75063 -14.3736
4.75155 -14.375
4.75247 -14.3764
4.75339 -14.3777
4.75431 -14.3791
4.75523 -14.3805
4.75615 -14.3818
4.75707 -14.3832
4.75799 -14.3846
4.75891 -14.3859
4.75983 -14.3873
4.76075 -14.3887
4.76167 -14.39
4.76259 -14.3914
4.76351 -14.3927
4.76443 -14.3941
4.76535 -14.3955
4.76627 -14.3968
4.76719 -14.3982
4.76811 -14.3995
4.76903 -14.4009
4.76995 -14.4023
4.77087 -14.4036
4.77179 -14.405
4.77271 -14.4063
4.77363 -14.4077
4.77455 -14.409
4.77548 -14.4104
4.7764 -14.4117
4.77732 -14.4131
4.77824 -14.4144
4.77916 -14.4158
4.78008 -14.4171
4.781 -14.4185
4.78192 -14.4198
4.78284 -14.4211
4.78376 -14.4225
4.78468 -14.4238
4.7856 -14.4252
4.78652 -14.4265
4.78744 -14.4279
4.78836 -14.4292
4.78928 -14.4305
4.7902 -14.4319
4.79112 -14.4332
4.79204 -14.4346
4.79296 -14.4359
4.79388 -14.4372
4.7948 -14.4386
4.79572 -14.4399
4.79664 -14.4412
4.79756 -14.4426
4.79848 -14.4439
4.7994 -14.4452
4.80032 -14.4466
4.80124 -14.4479
4.80216 -14.4492
4.80308 -14.4506
4.804 -14.4519
4.80492 -14.4532
4.80584 -14.4545
4.80676 -14.4559
4.80768 -14.4572
4.8086 -14.4585
4.80952 -14.4598
4.81044 -14.4612
4.81136 -14.4625
4.81228 -14.4638
4.8132 -14.4651
4.81412 -14.4665
4.81504 -14.4678
4.81596 -14.4691
4.81688 -14.4704
4.8178 -14.4717
4.81872 -14.4731
4.81964 -14.4744
4.82056 -14.4757
4.82148 -14.477
4.8224 -14.4783
4.82332 -14.4797
4.82424 -14.481
4.82517 -14.4823
4.82609 -14.4836
4.82701 -14.4849
4.82793 -14.4862
4.82885 -14.4875
4.82977 -14.4889
4.83069 -14.4902
4.83161 -14.4915
4.83253 -14.4928
4.83345 -14.4941
4.83437 -14.4954
4.83529 -14.4967
4.83621 -14.498
4.83713 -14.4994
4.83805 -14.5007
4.83897 -14.502
4.83989 -14.5033
4.84081 -14.5046
4.84173 -14.5059
4.84265 -14.5072
4.84357 -14.5085
4.84449 -14.5098
4.84541 -14.5111
4.84633 -14.5124
4.84725 -14.5137
4.84817 -14.515
4.84909 -14.5163
4.85001 -14.5176
4.85093 -14.5189
4.85185 -14.5202
4.85277 -14.5215
4.85369 -14.5228
4.85461 -14.5241
4.85553 -14.5255
4.85645 -14.5268
4.85737 -14.5281
4.85829 -14.5294
4.85921 -14.5307
4.86013 -14.532
4.86105 -14.5332
4.86197 -14.5345
4.86289 -14.5358
4.86381 -14.5371
4.86473 -14.5384
4.86565 -14.5397
4.86657 -14.541
4.86749 -14.5423
4.86841 -14.5436
4.86933 -14.5449
4.87025 -14.5462
4.87117 -14.5475
4.87209 -14.5488
4.87301 -14.5501
4.87393 -14.5514
4.87485 -14.5527
4.87578 -14.554
4.8767 -14.5553
4.87762 -14.5566
4.87854 -14.5579
4.87946 -14.5592
4.88038 -14.5605
4.8813 -14.5618
4.88222 -14.563
4.88314 -14.5643
4.88406 -14.5656
4.88498 -14.5669
4.8859 -14.5682
4.88682 -14.5695
4.88774 -14.5708
4.88866 -14.5721
4.88958 -14.5734
4.8905 -14.5747
4.89142 -14.576
4.89234 -14.5772
4.89326 -14.5785
4.89418 -14.5798
4.8951 -14.5811
4.89602 -14.5824
4.89694 -14.5837
4.89786 -14.585
4.89878 -14.5863
4.8997 -14.5876
4.90062 -14.5889
4.90154 -14.5901
4.90246 -14.5914
4.90338 -14.5927
4.9043 -14.594
4.90522 -14.5953
4.90614 -14.5966
4.90706 -14.5979
4.90798 -14.5992
4.9089 -14.6004
4.90982 -14.6017
4.91074 -14.603
4.91166 -14.6043
4.91258 -14.6056
4.9135 -14.6069
4.91442 -14.6082
4.91534 -14.6095
4.91626 -14.6107
4.91718 -14.612
4.9181 -14.6133
4.91902 -14.6146
4.91994 -14.6159
4.92086 -14.6172
4.92178 -14.6185
4.9227 -14.6198
4.92362 -14.621
4.92454 -14.6223
4.92547 -14.6236
4.92639 -14.6249
4.92731 -14.6262
4.92823 -14.6275
4.92915 -14.6288
4.93007 -14.6301
4.93099 -14.6313
4.93191 -14.6326
4.93283 -14.6339
4.93375 -14.6352
4.93467 -14.6365
4.93559 -14.6378
4.93651 -14.6391
4.93743 -14.6404
4.93835 -14.6416
4.93927 -14.6429
4.94019 -14.6442
4.94111 -14.6455
4.94203 -14.6468
4.94295 -14.6481
4.94387 -14.6494
4.94479 -14.6507
4.94571 -14.6519
4.94663 -14.6532
4.94755 -14.6545
4.94847 -14.6558
4.94939 -14.6571
4.95031 -14.6584
4.95123 -14.6597
4.95215 -14.661
4.95307 -14.6623
4.95399 -14.6635
4.95491 -14.6648
4.95583 -14.6661
4.95675 -14.6674
4.95767 -14.6687
4.95859 -14.67
4.95951 -14.6713
4.96043 -14.6726
4.96135 -14.6739
4.96227 -14.6751
4.96319 -14.6764
4.96411 -14.6777
4.96503 -14.679
4.96595 -14.6803
4.96687 -14.6816
4.96779 -14.6829
4.96871 -14.6842
4.96963 -14.6855
4.97055 -14.6868
4.97147 -14.6881
4.97239 -14.6894
4.97331 -14.6906
4.97423 -14.6919
4.97516 -14.6932
4.97608 -14.6945
4.977 -14.6958
4.97792 -14.6971
4.97884 -14.6984
4.97976 -14.6997
4.98068 -14.701
4.9816 -14.7023
4.98252 -14.7036
4.98344 -14.7049
4.98436 -14.7062
4.98528 -14.7075
4.9862 -14.7088
4.98712 -14.7101
4.98804 -14.7114
4.98896 -14.7127
4.98988 -14.714
4.9908 -14.7153
4.99172 -14.7166
4.99264 -14.7179
4.99356 -14.7192
4.99448 -14.7205
4.9954 -14.7218
4.99632 -14.7231
4.99724 -14.7244
4.99816 -14.7257
4.99908 -14.727
5 -14.7283
